-3.12117 14.66140 7.62853 1
6.12510 11.25802 12.22394 -1
6.70581 6.50008 -9.47912 1
-6.19171 17.08970 -8.29944 1
6.15172 14.37935 -0.61944 -1
6.15135 3.41496 -0.62081 -1
2.73768 19.12947 -4.49118 -1
12.26398 17.27328 3.92222 -1
-6.01133 19.94580 -8.45943 1
4.33130 15.24011 -10.52980 1
0.94590 12.88172 -4.81435 -1
3.87633 8.78310 13.30021 -1
12.55753 19.58730 -0.10542 -1
6.10120 18.18734 2.80148 1
6.36058 0.94959 0.91493 -1
6.36096 0.55371 1.01185 -1
2.05227 7.90573 7.29669 1
-9.39640 17.02162 -2.23307 1
-7.03774 20.73280 5.25527 1
2.88212 3.15875 6.87769 1
-5.17591 12.47675 -9.11146 1
5.83052 7.99871 -1.52671 -1
2.82593 20.36820 6.91029 1
-2.50089 17.68450 7.77285 1
-8.24940 17.60490 3.62505 1
10.88618 9.84256 -5.31072 1
6.27776 8.71121 2.01845 -1
-9.47304 5.74155 -1.27855 1
-6.63121 1.18389 -7.87590 1
2.18334 18.15917 -4.66448 -1
-5.52002 17.07092 -8.85939 1
6.31537 20.99407 0.22970 -1
3.06430 20.92937 -4.35556 -1
6.32689 11.66407 12.10129 -1
4.39643 16.14874 13.09494 -1
11.99237 19.84008 -2.87146 -1
2.02764 17.84260 7.30720 1
4.48340 5.19431 -3.41013 -1
1.83940 9.46143 -11.00852 1
-7.48818 2.71235 4.73706 1
5.35158 20.03507 -2.39381 -1
-9.36963 12.72967 0.42620 1
1.60392 4.80150 -4.77428 -1
10.01943 14.10571 8.71990 -1
4.62149 12.98069 5.45742 1
-0.42785 7.52142 -10.94816 1
1.54823 2.38471 7.49190 1
-9.44247 14.10304 -1.80752 1
-8.92440 10.92646 -4.20399 1
6.36000 16.21869 1.10101 -1
3.91621 10.92343 13.28533 -1
10.25475 17.89581 -6.26647 1
7.32355 11.59004 11.42050 -1
10.99920 11.77970 7.19953 -1
-6.24657 18.40973 -8.24926 1
8.99953 8.47314 9.92931 -1
4.10789 2.81432 -3.72665 -1
6.31069 0.60444 1.78940 -1
2.12465 15.85788 -4.67884 -1
0.58615 13.02650 7.75644 1
-4.17332 14.78568 7.26181 1
4.00945 4.47225 6.06417 1
12.51131 2.86380 -0.54226 -1
-1.76788 0.30544 7.87880 1
3.48883 7.36234 6.48071 1
-9.04222 12.38827 -3.84861 1
5.86366 8.23712 -1.45121 -1
11.74826 9.18697 -3.55006 -1
3.49930 18.98733 -4.13246 -1
1.72750 7.31336 13.90669 -1
10.05757 10.79378 -6.52843 1
6.28711 16.45671 1.95899 -1
0.24785 8.32740 -4.75798 -1
12.22247 13.06382 -2.07843 -1
4.20618 18.10964 -10.56807 1
6.42075 19.93993 -9.64067 1
9.98954 3.08854 -6.61544 1
3.47649 19.45834 -4.14545 -1
-1.89859 10.33444 7.86494 1
5.15183 5.42313 -2.67396 -1
12.34458 9.64185 3.55744 -1
-4.20776 20.58068 -9.71472 1
0.17972 10.34498 7.82897 1
2.99477 6.90378 -4.38662 -1
1.59821 13.30142 7.47437 1
0.59679 5.04306 7.75424 1
6.47823 1.59313 -9.60895 1
-2.90458 2.70647 -10.32028 1
11.42442 2.68896 6.35741 -1
-8.85053 3.18996 2.37214 1
5.27423 2.91537 -2.50654 -1
4.85996 13.45837 -10.35036 1
9.21151 3.81948 -7.50632 1
-8.38010 7.25901 -5.46077 1
9.96822 18.83256 -6.64238 1
-9.35029 9.95319 0.54738 1
-9.41864 14.01871 -2.04942 1
-6.78141 3.61872 5.51658 1
1.17502 4.03807 -4.81053 -1
4.87247 0.85824 -3.01384 -1
1.46201 3.54764 -4.79047 -1
-3.01294 5.85040 -10.27790 1
1.36544 3.71722 7.55269 1
-9.47456 1.86275 -0.76699 1
10.14955 2.53335 8.54245 -1
5.02672 9.67635 4.96011 1
-5.69735 4.33301 6.41555 1
8.79352 7.64967 -7.91838 1
5.72438 10.57176 3.79622 1
3.60818 14.49829 -4.06840 -1
2.97206 0.82555 6.82412 1
6.22366 16.78762 -0.31969 -1
8.28897 13.18591 10.62343 -1
11.98230 1.71694 -2.90214 -1
-3.29420 18.34515 -10.16145 1
12.10013 19.33832 4.54542 -1
11.80984 1.28264 -3.39023 -1
6.35726 5.81443 1.20671 -1
11.13246 16.93023 6.95143 -1
-9.12987 15.71345 -3.54946 1
11.95723 3.87494 -2.97735 -1
10.92255 4.39634 7.33669 -1
1.11000 7.77991 7.62917 1
4.95036 10.17498 -2.92436 -1
5.74826 12.98335 3.74510 1
-6.75568 7.74719 5.54164 1
12.29276 9.71323 -1.78719 -1
12.39942 15.69689 3.27480 -1
0.31284 0.77035 -4.76766 -1
-9.47724 5.30118 -0.96326 1
-6.15666 14.98034 6.07088 1
5.89758 18.79934 3.39650 1
5.28292 10.74523 -2.49415 -1
-0.31849 11.17438 7.88791 1
6.96919 2.25061 11.67759 -1
0.73963 9.39566 7.72317 1
-9.45169 11.18496 -1.69159 1
3.80905 5.09188 -10.67921 1
-2.29267 5.65411 7.80996 1
3.64568 7.92297 13.38356 -1
4.77704 0.42150 12.92895 -1
4.92526 6.76366 5.09357 1
-9.39569 4.44041 0.24371 1
2.27299 6.87744 7.19773 1
3.26419 2.51500 6.63776 1
1.72391 18.70107 -4.75733 -1
-5.36016 12.46544 -8.97919 1
-9.44702 14.26115 -0.23858 1
2.42396 16.57260 -4.59773 -1
3.61713 10.46729 6.38522 1
10.09804 1.82533 8.61344 -1
5.38894 11.27924 4.42076 1
5.95048 12.32366 -1.23844 -1
-9.27934 15.65423 0.92547 1
1.88787 9.06485 13.87407 -1
5.30138 2.67919 4.56150 1
0.56915 5.95929 -11.03245 1
9.27640 7.62473 -7.43855 1
5.45399 13.56426 4.31106 1
6.34463 11.98634 -9.68203 1
-2.60905 7.47803 7.75135 1
-3.39588 20.71682 -10.11701 1
-3.28250 12.72127 -10.16648 1
-9.21230 4.98176 -3.22941 1
4.18316 2.13743 -3.66770 -1
12.58276 3.21004 0.23355 -1
0.91309 5.16511 7.68159 1
6.35736 3.37431 1.20353 -1
1.91078 3.91791 -4.72495 -1
-6.73408 5.98700 -7.76916 1
1.13788 3.64085 -11.03980 1
0.75806 18.83207 -4.80935 -1
-9.47686 1.68491 -1.08482 1
5.78707 11.01474 3.65952 1
-2.17147 8.61833 -10.57230 1
6.33903 20.62995 0.46082 -1
2.54522 2.35282 -10.93194 1
-4.03089 8.35497 7.32094 1
7.60441 20.35888 11.20392 -1
5.78323 18.17565 -1.62981 -1
-0.57721 17.15851 7.90582 1
5.07035 5.41596 -2.77873 -1
8.74986 3.58864 10.18507 -1
11.88056 14.04151 5.23085 -1
4.65931 19.51690 5.41474 1
-0.68810 11.69202 -10.91092 1
12.27168 12.00387 -1.87783 -1
-8.62923 5.87956 -4.94369 1
-9.32777 16.15935 -2.67669 1
5.30865 3.92792 4.55010 1
4.29931 6.79726 -3.57246 -1
10.85292 8.93417 7.45803 -1
10.64727 10.65982 7.79997 -1
-3.32225 5.09060 -10.14931 1
-0.42434 2.41157 7.89628 1
-1.19312 12.82302 7.91418 1
6.12563 6.06124 -9.79694 1
10.85951 12.20600 7.44667 -1
11.43094 3.24162 6.34323 -1
10.56366 10.10394 -5.82357 1
-2.47665 11.18438 -10.47458 1
3.92238 1.08829 -3.86319 -1
6.22868 7.06869 -0.29597 -1
10.76828 2.82271 7.60161 -1
-5.60722 1.33087 -8.79199 1
0.41546 20.78916 -4.78105 -1
4.63187 6.76943 -3.26808 -1
-0.32704 17.00736 -10.96087 1
0.22699 5.34745 -4.75468 -1
6.21848 14.31156 -0.34371 -1
-8.85970 15.96479 -4.38186 1
2.64589 12.50841 -10.91730 1
-1.49991 9.90310 -10.75287 1
5.84461 8.64866 3.52645 1
4.75160 7.32623 -10.38951 1
5.46686 19.52011 4.28880 1
0.58113 17.44301 7.75747 1
8.02784 20.26557 -8.57713 1
-1.73199 2.61024 -10.69571 1
12.57380 15.34822 1.89726 -1
-0.92984 19.70515 -10.87055 1
-8.05309 3.80589 -6.04350 1
4.32267 1.39642 -3.55266 -1
-2.60393 15.56353 7.75240 1
4.31914 12.06394 5.77546 1
5.23095 17.67840 4.66952 1
3.49340 2.93522 13.43608 -1
-4.49439 16.70061 7.11691 1
11.16179 4.23417 6.89505 -1
-3.50335 3.43677 -10.06865 1
11.40782 3.44958 -4.33386 1
-9.44671 17.10607 -0.23484 1
-7.59829 13.96914 -6.72904 1
-9.33101 10.98437 0.65911 1
6.31630 7.53544 1.74350 -1
5.78228 18.42121 -9.96527 1
3.49800 8.24135 6.47403 1
1.12258 17.14859 -4.81236 -1
-2.14218 9.22183 -10.58116 1
6.35073 7.91583 0.62714 -1
7.22478 9.71628 11.49393 -1
5.76478 6.32894 12.43134 -1
9.58791 15.69980 9.26760 -1
-2.78955 10.55713 7.71205 1
0.70520 4.87647 -4.80661 -1
8.41822 18.89107 10.50466 -1
-6.81945 8.06172 5.47917 1
4.27298 11.41461 13.14588 -1
4.63757 19.03591 12.99136 -1
12.53318 13.10900 2.35121 -1
2.68299 2.45486 6.99030 1
-3.91019 19.73647 7.36864 1
12.55532 13.18187 2.12669 -1
1.18613 7.03302 7.60739 1
6.30758 2.92471 0.16804 -1
-8.56665 16.67453 -5.08098 1
7.66197 13.02153 11.15806 -1
3.07985 11.20268 -10.84341 1
-7.96522 18.77174 -6.18582 1
4.46372 16.56054 -3.42819 -1
-4.91670 3.18517 -9.28756 1
1.31451 6.54616 13.98177 -1
5.84431 5.21827 -1.49563 -1
-9.45467 15.62287 -1.64977 1
11.87918 0.70418 5.23475 -1
7.51909 11.96768 -8.95612 1
3.18309 16.01163 -10.82324 1
3.75350 18.41208 -10.69352 1
-1.97686 7.18372 7.85559 1
2.73641 17.24640 6.96088 1
12.02681 2.32327 -2.76445 -1
12.05303 17.77550 -2.68065 -1
12.23844 2.67726 4.02830 -1
9.71745 8.34303 9.10932 -1
-9.47727 16.74320 -1.01699 1
-9.43810 3.14827 -0.13489 1
11.57501 4.81428 -3.96766 -1
-1.69910 15.16730 -10.70414 1
3.69973 15.12077 -10.70709 1
11.45610 13.46410 -4.23137 1
11.27581 14.57292 6.66926 -1
-0.34690 11.39721 7.89030 1
-3.19981 5.28778 7.60655 1
4.33518 7.25962 -3.54196 -1
-7.51997 3.81355 -6.83575 1
1.67853 19.07746 -4.76409 -1
-8.62637 12.25123 2.89925 1
-9.04364 8.41788 -3.84403 1
3.16422 9.70212 6.70373 1
-6.73808 19.89295 -7.76494 1
1.41753 3.22038 -4.79469 -1
1.74607 12.31083 -4.75387 -1
12.40150 10.62366 -1.25876 -1
-2.03026 12.84054 7.84877 1
5.50293 0.38031 -2.15517 -1
-9.42348 18.31460 -2.00498 1
9.89926 19.57448 -6.72841 1
6.03535 11.86780 3.01482 1
-4.24352 14.62967 -9.69496 1
3.97429 19.37249 -3.82620 -1
2.43364 14.85201 -4.59477 -1
-9.29895 3.20332 -2.83082 1
-9.09724 12.10206 -3.66500 1
-2.91666 12.74102 -10.31562 1
6.13883 8.90674 -9.79018 1
3.13841 15.46533 13.55090 -1
-9.46560 19.62171 -1.46572 1
0.75734 19.43694 7.71912 1
11.42637 9.46763 -4.29477 1
4.03624 2.37800 6.04052 1
-7.42564 20.68167 4.81406 1
3.67382 17.61686 -4.02808 -1
1.17177 2.61792 -4.81066 -1
4.75318 19.33768 12.93976 -1
12.58740 18.26782 0.31406 -1
3.07402 10.89560 -10.84452 1
-5.60156 12.41678 6.48155 1
6.33327 8.37906 0.39612 -1
6.15804 1.14999 -0.59556 -1
4.98840 7.03914 5.01129 1
-8.84341 16.85992 -4.42505 1
4.99693 0.09727 -10.29909 1
-0.66629 7.00348 -10.91428 1
3.54524 8.36154 6.43926 1
5.65846 11.28531 12.48979 -1
7.25713 19.31697 -9.13513 1
-8.66145 7.27327 -4.87076 1
-5.18664 7.28602 -9.10392 1
-6.29558 15.48753 5.95676 1
5.08854 9.49658 4.87543 1
-1.70831 4.71670 7.88441 1
8.97910 9.50123 -7.74047 1
0.65565 2.95800 -4.80350 -1
5.15865 3.70413 -2.66495 -1
2.16186 10.46572 -4.66982 -1
1.90856 8.79743 -4.72537 -1
12.49812 19.21176 2.64487 -1
3.87534 7.61027 -10.66174 1
-8.91073 12.19236 2.21280 1
4.48982 13.27755 -3.40420 -1
-9.31660 0.27498 0.73772 1
-8.88948 13.93428 2.27007 1
6.33275 3.73876 0.39055 -1
-7.14562 20.18248 5.13846 1
-4.88045 3.12192 6.92039 1
-4.84643 8.70711 -9.33337 1
-3.13662 1.79234 -10.22785 1
2.12834 20.93436 -4.67796 -1
-3.12665 10.54610 7.62703 1
-3.98106 12.50309 -9.83585 1
-9.45021 1.40861 -0.27942 1
12.48135 15.74917 2.76808 -1
-0.81983 4.40802 -10.88961 1
6.24414 18.85914 -0.21973 -1
3.31863 4.30793 -4.23132 -1
-2.43919 4.00444 -10.48712 1
1.22702 0.76754 -4.80816 -1
-7.06750 9.91341 -7.40058 1
7.24835 11.86166 11.47654 -1
-7.67806 1.37988 -6.61725 1
-4.13618 16.28608 7.27752 1
-2.35502 9.51907 -10.51473 1
-8.34123 11.01220 3.46246 1
-8.95789 9.25602 -4.10750 1
7.12042 8.41602 11.57001 -1
-3.98432 11.75245 7.33960 1
4.92560 3.26005 12.86040 -1
10.30947 3.82049 8.31553 -1
6.31218 18.09750 1.77751 -1
3.26334 19.86842 -4.25977 -1
4.60510 7.83950 -3.29448 -1
0.83467 5.68564 -4.81228 -1
4.35391 13.52399 -3.52582 -1
1.71028 8.58342 -11.01762 1
3.34692 0.53311 -4.21643 -1
1.04129 3.27920 7.64810 1
12.60023 15.03542 1.37609 -1
1.07304 13.83740 -4.81357 -1
12.19328 0.56902 -2.19106 -1
3.43653 4.66142 6.51840 1
5.22789 4.85257 -2.57142 -1
3.15393 14.10975 -10.82904 1
-3.70375 0.41392 -9.97460 1
11.87515 2.18628 5.24621 -1
6.99528 16.79824 -9.30386 1
11.80198 3.74944 -3.41100 -1
3.42627 13.70767 6.52572 1
6.35184 5.00184 0.64714 -1
8.38265 2.08827 -8.28607 1
11.93451 5.10662 -3.04412 -1
1.25541 15.16761 13.99147 -1
-5.84552 17.96963 6.30959 1
-2.93051 17.43462 7.67835 1
10.33998 8.34085 -6.14846 1
-0.55746 14.02979 7.90475 1
8.18853 4.30467 10.71362 -1
12.44676 6.15610 2.99806 -1
-6.86706 18.82305 5.43170 1
8.40437 0.27304 -8.26749 1
8.71088 1.79568 -7.99516 1
4.69506 4.36561 -3.20433 -1
10.50417 0.55718 8.02482 -1
-9.46267 3.81014 -0.46881 1
12.47533 12.24387 -0.80958 -1
0.96509 8.84992 7.66829 1
10.95721 18.74611 7.27514 -1
-4.21164 17.16631 7.24537 1
0.49091 7.17816 -4.78944 -1
10.30724 5.44789 8.31876 -1
4.22456 7.97354 -3.63436 -1
1.01734 12.39619 7.65454 1
6.19735 5.62934 12.18057 -1
6.13699 13.10713 12.21685 -1
-7.78886 8.59764 -6.45644 1
-3.43910 11.59299 -10.09773 1
-7.90430 9.15866 4.17442 1
2.76007 6.18378 6.94767 1
0.34355 19.91752 7.80242 1
0.60916 16.03572 -11.03392 1
8.53091 2.94238 -8.15737 1
11.24239 18.23783 -4.66763 1
11.13728 10.23606 -4.86719 1
4.22122 18.78560 -3.63707 -1
-9.35923 16.79696 0.49263 1
2.71288 8.92948 -4.50044 -1
-8.83331 0.47186 -4.45150 1
-7.56013 5.64222 4.64621 1
11.39889 11.37432 6.41253 -1
-1.32282 13.30304 7.90984 1
5.19177 5.41564 -2.62071 -1
5.90982 2.92648 -1.34100 -1
9.26795 17.53353 -7.44743 1
-4.64678 20.67245 -9.45923 1
4.61842 11.03949 -3.28138 -1
3.92095 3.60527 -3.86420 -1
3.59590 5.71845 -10.73249 1
3.41851 0.38620 -4.17779 -1
12.38547 19.20027 -1.34452 -1
4.14273 2.47277 -10.58688 1
3.80116 12.10685 -3.94608 -1
3.95242 5.75516 -3.84190 -1
1.75962 11.63774 13.90032 -1
-3.10085 13.67983 7.63408 1
-2.82622 17.42458 7.70354 1
12.14187 4.33485 -2.37955 -1
6.50547 0.23091 11.98868 -1
1.84245 2.87460 13.88351 -1
8.61459 18.90039 -8.08278 1
-3.25076 18.35169 7.59185 1
3.89477 12.54568 -3.88250 -1
10.38823 12.61085 -6.08029 1
-8.50179 13.96577 -5.21772 1
-6.58192 3.68280 5.70549 1
10.23765 19.20265 8.41869 -1
4.99100 8.79418 -2.87614 -1
-9.33268 8.04591 0.64973 1
0.51472 10.89727 -4.79183 -1
-8.73407 0.98629 2.65748 1
2.65345 3.49195 -4.52201 -1
5.24916 15.49871 -2.54188 -1
5.20694 1.73877 -2.60015 -1
-1.77392 12.66619 -10.68480 1
7.98881 5.15233 -8.60775 1
-7.21751 8.17521 -7.22233 1
4.80960 6.06257 12.91411 -1
-3.14611 7.46913 7.62166 1
3.21312 15.09996 6.67175 1
12.19281 6.23956 4.20868 -1
5.86142 11.89450 3.48604 1
4.68493 9.99706 12.97038 -1
0.55173 13.93709 -4.79531 -1
3.88013 19.67342 13.29880 -1
2.02538 15.38401 -4.70145 -1
11.21282 4.51375 6.79535 -1
-9.35763 0.65485 -2.50012 1
0.93229 5.50754 14.03994 -1
3.46529 12.49664 -4.15177 -1
-8.68018 1.07994 -4.82762 1
3.95076 10.42369 13.27232 -1
-9.41489 12.53370 -2.08255 1
-3.66234 7.01912 -9.99445 1
3.05039 16.18916 -10.84899 1
-8.18320 2.23856 3.73755 1
-3.82891 1.57789 -9.91324 1
-7.15910 15.29196 -7.29272 1
10.59821 10.40532 7.87819 -1
2.13517 14.45645 -4.67632 -1
3.48720 9.13137 6.48189 1
6.15868 5.17444 12.20386 -1
11.26162 17.20115 6.69795 -1
-8.23166 16.78773 3.65557 1
-4.48301 14.58863 -9.55787 1
3.68701 5.71505 6.33132 1
6.35326 12.39484 1.30245 -1
-8.55622 7.58045 3.04721 1
-1.50845 1.92322 7.89993 1
-7.19983 19.26359 -7.24377 1
3.64178 2.87319 -4.04792 -1
3.32094 19.95498 13.49318 -1
1.81527 9.36612 13.88908 -1
