0.582 0.129 0.749 0.814   1.0
0.193 0.337 0.829 0.257   -1.0
0.664 0.420 0.592 0.913   1.0
0.127 0.767 0.350 0.155   -1.0
0.846 0.801 0.997 0.311   1.0
0.487 0.032 0.591 0.333   -1.0
0.455 0.916 0.182 0.204   -1.0
0.185 0.396 0.066 0.014   -1.0
0.110 0.677 0.074 0.702   -1.0
0.185 0.829 0.357 0.535   1.0*
0.230 0.381 0.785 0.227   -1.0
0.454 0.714 0.725 0.045   -1.0
0.777 0.500 0.963 0.959   1.0
0.692 0.144 0.100 0.758   -1.0
0.753 0.868 0.835 0.827   1.0
0.425 0.012 0.400 0.782   -1.0
0.384 0.012 0.928 0.169   -1.0
0.621 0.623 0.953 0.345   1.0
0.000 0.123 0.168 0.963   -1.0
0.872 0.655 0.226 0.972   1.0
0.384 0.725 0.281 0.219   -1.0
0.851 0.644 0.564 0.251   1.0
0.111 0.635 0.438 0.039   -1.0
0.677 0.659 0.427 0.631   1.0
0.095 0.631 0.127 0.263   -1.0
0.209 0.135 0.249 0.435   -1.0
0.662 0.819 0.831 0.943   1.0
0.383 0.794 0.681 0.947   1.0
0.107 0.058 0.680 0.546   -1.0
0.484 0.223 0.756 0.911   1.0
0.760 0.006 0.485 0.888   1.0
0.079 0.097 0.403 0.328   -1.0
0.509 0.990 0.350 0.340   1.0
0.388 0.723 0.727 0.069   -1.0
0.773 0.176 0.728 0.453   1.0
0.824 0.937 0.945 0.580   1.0
0.799 0.340 0.854 0.284   1.0
0.122 0.363 0.324 0.526   -1.0
0.856 0.035 0.681 0.206   -1.0
0.614 0.594 0.099 0.341   -1.0
0.769 0.113 0.838 0.497   1.0
0.560 0.321 0.503 0.505   -1.0
0.351 0.304 0.241 0.205   -1.0
0.468 0.327 0.950 0.792   1.0
0.641 0.648 0.887 0.322   1.0
0.263 0.935 0.448 0.361   1.0
0.110 0.131 0.389 0.948   -1.0
0.955 0.509 0.949 0.458   1.0
0.849 0.809 0.318 0.090   1.0
0.905 0.558 0.340 0.855   1.0
0.193 0.496 0.998 0.080   -1.0
0.851 0.342 0.752 0.299   1.0
0.028 0.409 0.835 0.417   -1.0
0.462 0.372 0.866 0.411   1.0
0.880 0.260 0.640 0.197   -1.0
0.653 0.102 0.908 0.994   -1.0*
0.258 0.186 0.453 0.256   -1.0
0.271 0.107 0.609 0.023   -1.0
0.312 0.051 0.815 0.147   -1.0
0.172 0.609 0.841 0.038   -1.0
0.671 0.918 0.281 0.311   1.0
0.631 0.964 0.218 0.540   -1.0*
0.175 0.798 0.144 0.628   -1.0
0.410 0.899 0.160 0.018   -1.0
0.566 0.331 0.973 0.381   1.0
0.441 0.554 0.087 0.282   -1.0
0.108 0.953 0.510 0.389   -1.0
0.626 0.020 0.228 0.844   -1.0
0.185 0.019 0.357 0.329   -1.0
0.411 0.739 0.546 0.571   1.0
0.468 0.138 0.088 0.440   -1.0
0.566 0.882 0.073 0.653   1.0
0.665 0.761 0.116 0.175   -1.0
0.380 0.801 0.170 0.607   -1.0
0.730 0.793 0.663 0.087   1.0
0.310 0.498 0.861 0.856   1.0
0.618 0.324 0.207 0.706   -1.0
0.726 0.272 0.646 0.798   1.0
0.809 0.463 0.687 0.926   1.0
0.837 0.305 0.438 0.007   -1.0
0.083 0.736 0.706 0.746   1.0
0.827 0.056 0.321 0.688   -1.0
0.390 0.306 0.236 0.597   -1.0
0.001 0.323 0.284 0.647   -1.0
0.210 0.456 0.584 0.897   1.0
0.222 0.734 0.687 0.660   1.0
0.600 0.743 0.477 0.306   1.0
0.301 0.133 0.544 0.622   -1.0
0.457 0.012 0.126 0.693   -1.0
0.138 0.694 0.932 0.422   1.0
0.053 0.632 0.797 0.637   1.0
0.178 0.859 0.264 0.866   1.0
0.005 0.466 0.261 0.482   -1.0
0.750 0.783 0.904 0.294   1.0
0.725 0.751 0.417 0.851   1.0
0.026 0.989 0.137 0.958   1.0
0.478 0.012 0.044 0.274   -1.0
0.574 0.453 0.508 0.837   1.0
0.027 0.842 0.784 0.289   -1.0
0.555 0.038 0.106 0.459   -1.0
0.511 0.184 0.083 0.927   -1.0
0.527 0.954 0.024 0.664   1.0
0.435 0.142 0.924 0.479   -1.0
0.573 0.053 0.868 0.081   -1.0
0.186 0.108 0.732 0.970   -1.0
0.055 0.525 0.435 0.161   1.0*
0.768 0.672 0.168 0.851   1.0
0.203 0.377 0.553 0.226   -1.0
0.465 0.662 0.183 0.389   -1.0
0.599 0.962 0.194 0.467   1.0
0.084 0.653 0.151 0.816   -1.0
0.548 0.871 0.148 0.983   1.0
0.132 0.750 0.704 0.300   -1.0
0.303 0.502 0.978 0.856   1.0
0.020 0.321 0.391 0.203   -1.0
0.532 0.801 0.671 0.726   1.0
0.714 0.810 0.921 0.865   1.0
0.544 0.412 0.497 0.692   1.0
0.530 0.824 0.146 0.234   -1.0
0.747 0.537 0.627 0.725   1.0
0.355 0.745 0.714 0.746   1.0
0.423 0.278 0.749 0.094   -1.0
0.017 0.808 0.815 0.938   1.0
0.441 0.482 0.085 0.939   -1.0
0.481 0.468 0.999 0.626   1.0
0.123 0.373 0.239 0.749   -1.0
0.632 0.105 0.843 0.346   -1.0
0.791 0.769 0.129 0.539   1.0
0.134 0.556 0.672 0.949   1.0
0.345 0.390 0.976 0.430   1.0
0.150 0.911 0.797 0.148   1.0
0.500 0.271 0.910 0.739   1.0
0.008 0.371 0.125 0.851   -1.0
0.976 0.642 0.486 0.106   1.0
0.349 0.240 0.737 0.021   -1.0
0.230 0.365 0.579 0.206   -1.0
0.908 0.356 0.706 0.705   1.0
0.243 0.205 0.775 0.152   -1.0
0.796 0.160 0.314 0.921   1.0
0.031 0.898 0.653 0.516   1.0
0.834 0.866 0.243 0.571   1.0
0.432 0.801 0.252 0.010   -1.0
0.047 0.918 0.363 0.752   1.0
0.867 0.995 0.828 0.642   1.0
0.772 0.438 0.308 0.086   -1.0
0.319 0.117 0.257 0.973   -1.0
0.260 0.806 0.499 0.503   1.0
0.385 0.935 0.178 0.637   1.0
0.185 0.683 0.863 0.548   1.0
0.487 0.415 0.431 0.315   -1.0
0.578 0.087 0.496 0.886   1.0
0.855 0.205 0.289 0.112   -1.0
0.922 0.372 0.984 0.421   1.0
0.361 0.806 0.811 0.539   1.0
0.756 0.724 0.126 0.620   1.0
0.562 0.106 0.686 0.993   1.0
0.744 0.571 0.508 0.239   1.0
0.680 0.094 0.662 0.970   1.0
0.839 0.892 0.579 0.824   1.0
0.455 0.185 0.120 0.265   -1.0
0.563 0.022 0.448 0.689   -1.0
0.719 0.251 0.748 0.406   1.0
0.169 0.149 0.814 0.677   -1.0
0.271 0.357 0.482 0.933   1.0
0.689 0.772 0.219 0.267   -1.0
0.532 0.722 0.781 0.652   -1.0*
0.505 0.215 0.009 0.952   -1.0
0.650 0.672 0.155 0.398   -1.0
0.399 0.567 0.227 0.213   -1.0
0.615 0.484 0.601 0.098   -1.0
0.928 0.786 0.189 0.147   1.0
0.785 0.679 0.775 0.566   1.0
0.762 0.071 0.546 0.771   1.0
0.450 0.421 0.695 0.606   1.0
0.772 0.005 0.386 0.999   1.0
0.629 0.614 0.703 0.230   1.0
0.120 0.158 0.498 0.309   -1.0
0.551 0.095 0.984 0.326   -1.0
0.316 0.088 0.731 0.862   -1.0
0.754 0.313 0.280 0.449   -1.0
0.099 0.221 0.923 0.485   -1.0
0.141 0.114 0.834 0.843   -1.0
0.545 0.963 0.502 0.043   1.0
0.808 0.594 0.367 0.792   1.0
0.028 0.108 0.008 0.759   1.0*
0.867 0.513 0.283 0.147   1.0*
0.201 0.246 0.183 0.124   -1.0
0.403 0.265 0.845 0.237   -1.0
0.189 0.782 0.072 0.691   -1.0
0.344 0.499 0.419 0.711   -1.0
0.338 0.739 0.399 0.346   -1.0
0.369 0.214 0.011 0.652   -1.0
0.973 0.853 0.607 0.156   -1.0*
0.338 0.559 0.242 0.182   -1.0
0.350 0.371 0.578 0.422   -1.0
0.403 0.766 0.561 0.821   1.0
0.852 0.160 0.216 0.250   -1.0
0.714 0.619 0.720 0.725   1.0
0.080 0.698 0.123 0.687   -1.0
0.100 0.025 0.412 0.342   -1.0
0.208 0.692 0.578 0.786   1.0
0.641 0.188 0.880 0.202   -1.0
0.357 0.053 0.169 0.573   -1.0
0.675 0.287 0.922 0.395   1.0
0.193 0.476 0.709 0.316   -1.0
0.563 0.416 0.188 0.976   1.0
0.396 0.184 0.450 0.974   -1.0*
0.565 0.615 0.158 0.445   -1.0
0.167 0.802 0.870 0.336   1.0
0.174 0.012 0.663 0.096   -1.0
0.675 0.289 0.883 0.384   1.0
0.046 0.947 0.021 0.234   -1.0
0.779 0.630 0.106 0.230   -1.0
0.075 0.794 0.219 0.233   -1.0
0.035 0.400 0.041 0.905   -1.0
0.417 0.079 0.748 0.079   -1.0
0.155 0.754 0.463 0.038   -1.0
0.069 0.084 0.085 0.090   -1.0
0.007 0.869 0.947 0.114   -1.0
0.551 0.189 0.893 0.770   1.0
0.132 0.805 0.822 0.173   -1.0
0.559 0.590 0.788 0.307   1.0
0.963 0.462 0.424 0.426   1.0
0.562 0.495 0.584 0.647   1.0
0.902 0.654 0.454 0.849   1.0
0.553 0.401 0.956 0.446   1.0
0.378 0.579 0.975 0.201   1.0
0.685 0.759 0.342 0.473   1.0
0.012 0.436 0.528 0.435   -1.0
0.029 0.997 0.358 0.613   -1.0
0.943 0.515 0.298 0.397   1.0
0.065 0.950 0.765 0.022   -1.0
0.935 0.400 0.975 0.910   1.0
0.727 0.595 0.360 0.069   -1.0
0.426 0.081 0.505 0.954   -1.0
0.368 0.982 0.514 0.725   1.0
0.157 0.668 0.110 0.455   -1.0
0.475 0.520 0.015 0.240   -1.0
0.411 0.175 0.942 0.386   -1.0
0.543 0.113 0.681 0.902   1.0
0.749 0.328 0.264 0.254   -1.0
0.781 0.622 0.264 0.294   -1.0
0.859 0.452 0.015 0.970   1.0
0.080 0.444 0.427 0.094   -1.0
0.969 0.506 0.859 0.911   1.0
0.944 0.453 0.005 0.625   1.0
0.188 0.374 0.683 0.452   -1.0
0.965 0.233 0.250 0.229   -1.0
0.596 0.088 0.979 0.611   1.0
0.886 0.691 0.502 0.313   1.0
0.186 0.281 0.291 0.045   -1.0
0.183 0.989 0.645 0.188   1.0
0.001 0.377 0.988 0.684   1.0
0.616 0.649 0.062 0.866   1.0
0.589 0.462 0.966 0.568   1.0
0.023 0.453 0.764 0.525   -1.0
0.549 0.711 0.047 0.840   1.0
0.240 0.023 0.745 0.885   -1.0
0.359 0.886 0.588 0.347   1.0
0.417 0.963 0.218 0.479   1.0
0.096 0.068 0.290 0.061   -1.0
0.363 0.085 0.089 0.127   -1.0
0.855 0.677 0.321 0.902   1.0
0.076 0.142 0.540 0.821   -1.0
0.752 0.180 0.912 0.340   1.0
0.482 0.757 0.489 0.700   1.0
0.317 0.796 0.303 0.607   1.0
0.939 0.970 0.942 0.027   1.0
0.552 0.882 0.774 0.872   1.0
0.291 0.949 0.926 0.831   1.0
0.952 0.583 0.949 0.865   1.0
0.475 0.346 0.679 0.964   1.0
0.915 0.281 0.842 0.218   1.0
0.700 0.157 0.858 0.642   1.0
0.956 0.193 0.066 0.730   -1.0
0.850 0.021 0.014 0.776   -1.0
0.783 0.729 0.435 0.733   1.0
0.358 0.208 0.940 0.037   -1.0
0.986 0.952 0.453 0.829   1.0
0.341 0.528 0.328 0.199   -1.0
0.512 0.155 0.363 0.578   -1.0
0.429 0.429 0.906 0.443   1.0
0.759 0.226 0.934 0.194   -1.0*
0.527 0.552 0.167 0.466   -1.0
0.339 0.453 0.541 0.792   1.0
0.712 0.132 0.810 0.039   -1.0
0.980 0.551 0.486 0.343   1.0
0.371 0.772 0.558 0.277   -1.0
0.763 0.036 0.440 0.697   -1.0
0.399 0.224 0.781 0.566   -1.0
0.370 0.905 0.143 0.911   1.0
0.424 0.623 0.828 0.234   1.0
0.160 0.214 0.213 0.646   -1.0
0.343 0.017 0.328 0.901   -1.0
0.543 0.664 0.330 0.983   1.0
0.560 0.382 0.585 0.341   -1.0
0.275 0.711 0.852 0.417   1.0
0.549 0.841 0.245 0.377   1.0
0.907 0.537 0.288 0.120   -1.0
0.845 0.463 0.199 0.173   -1.0
0.493 0.716 0.028 0.823   1.0
0.389 0.382 0.081 0.974   -1.0
0.029 0.249 0.434 0.882   -1.0
0.057 0.430 0.507 0.301   -1.0
0.582 0.208 0.344 0.871   1.0
0.527 0.716 0.791 0.726   1.0
0.154 0.219 0.605 0.182   -1.0
0.304 0.571 0.424 0.385   -1.0
0.147 0.415 0.794 0.581   -1.0
0.460 0.638 0.727 0.967   1.0
0.534 0.549 0.148 0.878   1.0
0.476 0.405 0.135 0.266   -1.0
0.024 0.420 0.351 0.629   -1.0
0.392 0.933 0.173 0.816   1.0
0.718 0.964 0.733 0.512   1.0
0.030 0.972 0.183 0.756   -1.0
0.123 0.290 0.488 0.270   -1.0
0.908 0.746 0.574 0.043   1.0
0.705 0.067 0.433 0.056   -1.0
0.035 0.448 0.630 0.208   -1.0
0.949 0.926 0.228 0.682   1.0
0.773 0.712 0.410 0.956   1.0
0.349 0.079 0.759 0.837   1.0
0.927 0.745 0.095 0.501   1.0
0.107 0.207 0.856 0.540   -1.0
0.552 0.575 0.710 0.183   1.0
0.975 0.132 0.709 0.203   1.0
0.148 0.976 0.526 0.558   1.0
0.995 0.907 0.011 0.753   1.0
0.360 0.681 0.489 0.455   -1.0
0.277 0.562 0.389 0.133   -1.0
0.651 0.685 0.676 0.361   1.0
0.459 0.336 0.999 0.168   -1.0
0.814 0.316 0.515 0.340   -1.0
0.447 0.335 0.780 0.458   1.0
0.525 0.818 0.769 0.014   1.0
0.951 0.291 0.835 0.340   1.0
0.936 0.991 0.109 0.613   1.0
0.976 0.072 0.688 0.976   1.0
0.227 0.789 0.555 0.742   1.0
0.429 0.189 0.464 0.209   -1.0
0.552 0.734 0.464 0.321   1.0
0.737 0.272 0.038 0.571   -1.0
0.462 0.508 0.602 0.570   1.0
0.954 0.547 0.192 0.642   1.0
0.432 0.869 0.312 0.987   1.0
0.442 0.416 0.799 0.906   1.0
0.445 0.458 0.359 0.909   1.0
0.106 0.646 0.052 0.145   -1.0
0.664 0.606 0.725 0.266   1.0
0.845 0.220 0.724 0.037   -1.0
0.246 0.469 0.731 0.559   1.0
0.341 0.000 0.871 0.139   -1.0
0.496 0.584 0.364 0.855   1.0
0.143 0.961 0.139 0.195   -1.0
0.357 0.858 0.712 0.081   1.0
0.889 0.927 0.345 0.613   -1.0*
0.207 0.859 0.433 0.937   1.0
0.889 0.278 0.418 0.760   1.0
0.324 0.257 0.002 0.688   -1.0
0.495 0.831 0.073 0.635   1.0
0.179 0.991 0.884 0.891   1.0
0.008 0.780 0.999 0.353   1.0
0.963 0.559 0.252 0.396   1.0
0.670 0.285 0.775 0.089   -1.0
0.192 0.413 0.302 0.194   -1.0
0.414 0.690 0.931 0.486   1.0
0.957 0.665 0.316 0.841   1.0
0.389 0.850 0.336 0.388   -1.0
0.729 0.351 0.762 0.982   1.0
0.259 0.652 0.033 0.034   -1.0
0.078 0.226 0.153 0.380   -1.0
0.253 0.794 0.110 0.185   -1.0
0.435 0.142 0.945 0.751   -1.0*
0.502 0.139 0.833 0.838   1.0
0.035 0.567 0.878 0.797   1.0
0.626 0.056 0.201 0.659   -1.0
0.941 0.738 0.316 0.094   1.0
0.736 0.348 0.912 0.846   1.0
0.192 0.281 0.675 0.138   -1.0
0.658 0.639 0.171 0.491   -1.0
0.698 0.526 0.044 0.576   -1.0
0.592 0.203 0.379 0.793   -1.0
0.469 0.734 0.600 0.784   1.0
0.717 0.520 0.176 0.629   1.0
0.708 0.821 0.648 0.383   -1.0*
0.679 0.041 0.598 0.850   1.0
0.075 0.548 0.058 0.119   -1.0
0.382 0.711 0.327 0.761   1.0
0.189 0.230 0.238 0.788   -1.0
0.066 0.506 0.535 0.242   -1.0
0.902 0.950 0.957 0.549   1.0
0.916 0.229 0.374 0.514   1.0
0.906 0.589 0.627 0.964   1.0
0.751 0.346 0.419 0.078   -1.0
0.924 0.267 0.337 0.162   -1.0
0.352 0.228 0.561 0.887   1.0
0.697 0.788 0.419 0.653   1.0
0.752 0.569 0.567 0.126   1.0
0.646 0.032 0.672 0.273   1.0*
