10.72201 0.33641 -5.57892 1
-9.32957 3.92394 0.66716 -1
0.63793 16.96262 -4.80227 -1
3.83054 20.21475 -3.92643 -1
12.13810 9.15238 -2.39293 1
6.31160 4.53035 0.19929 -1
12.51540 6.43412 -0.50878 1
0.39918 4.67633 -4.77908 -1
12.38345 20.39998 3.36073 1
-3.78863 14.25509 -9.93320 -1
8.51409 12.84103 -8.17219 1
1.12954 19.67911 -4.81215 -1
7.92253 15.76076 -8.65914 1
-8.80944 18.31532 2.47600 -1
-9.46929 11.84656 -0.60537 -1
4.36785 9.54504 5.72682 -1
-3.46709 6.39726 7.52544 -1
4.09524 13.67772 -3.73635 -1
4.09547 7.96154 5.98736 -1
-9.47724 2.00343 -0.96122 -1
5.82694 6.72997 12.39660 1
5.24968 1.63534 4.64122 -1
1.02013 14.61505 14.02753 1
6.31403 8.74771 1.76243 -1
11.30536 2.49365 6.60892 1
12.60591 19.04348 0.97485 1
0.74385 18.23198 14.06467 1
-4.39992 2.21027 -9.60638 -1
-1.90503 15.93798 7.86420 -1
-2.44839 15.66168 7.78273 -1
-9.41879 17.39860 0.05489 -1
2.15071 7.53191 -4.67255 -1
4.47555 10.23101 13.06156 1
0.62718 16.21385 7.74787 -1
3.66015 15.43328 13.37847 1
6.60060 6.69527 -9.53999 1
5.25165 7.30556 -10.19836 1
-7.62494 11.59824 4.56223 -1
-4.15794 12.41471 -9.74195 -1
2.99151 20.58881 -10.85988 1
4.73607 4.87122 -3.16185 -1
4.55093 20.89974 -10.45877 1
-8.52614 14.34365 -5.16702 -1
-3.52469 19.72771 7.50666 -1
0.18876 7.80664 -4.74837 -1
-4.22882 3.82669 7.23792 -1
10.24659 10.08111 8.40597 1
-4.19928 16.12631 7.25069 -1
4.39401 5.21611 -3.49077 -1
-9.16558 10.31618 -3.41627 -1
-1.78076 9.99876 -10.68300 1
-9.46510 3.82815 -1.47566 -1
-7.65696 1.44715 4.51996 -1
6.01729 3.89341 3.06926 -1
-0.10613 10.63630 -10.98540 1
-0.35452 20.21475 7.89092 -1
0.04532 7.65523 -4.72177 -1
2.52066 3.89523 7.07624 -1
10.86622 3.17762 -5.34417 1
10.06946 16.29461 8.65240 1
4.77311 6.55318 -10.38184 1
8.51820 11.81688 -8.16857 1
9.58859 0.21135 9.26678 1
-9.32438 15.05625 0.69573 -1
-0.91707 12.16233 7.91637 -1
-2.26027 13.94623 -10.54490 1
-5.19371 12.09750 -9.09894 -1
5.57733 18.33204 -2.02769 -1
-1.66824 5.32806 -10.71195 1
4.88702 9.49901 12.87840 1
-9.14147 12.21456 1.49410 -1
-8.12043 14.08271 -5.93071 -1
6.36087 15.26666 0.94744 -1
-1.02078 15.39758 7.91668 -1
6.00859 8.80442 -9.85591 1
-8.80112 8.85364 -4.53438 -1
0.52116 19.64917 -11.03048 1
-2.77068 18.53361 7.71636 -1
-8.63082 13.07735 -4.94012 -1
-5.81236 19.48434 -8.62745 -1
2.77687 0.66361 -4.47627 -1
-9.46624 10.94899 -0.53726 -1
10.64977 13.95445 -5.69215 1
3.70339 6.74796 6.31850 -1
12.12204 13.51395 -2.44926 1
3.71888 13.93377 6.30629 -1
8.54770 18.44617 10.38248 1
9.45857 7.87366 9.42081 1
1.79257 13.16224 -4.74628 -1
-9.38560 7.17109 0.31747 -1
1.34905 2.53663 7.55789 -1
10.17409 6.95057 8.50827 1
-2.25006 20.13905 7.81686 -1
-3.18256 0.05981 -10.20880 -1
10.91824 8.40654 7.34427 1
-3.40406 18.49166 7.54547 -1
12.42292 13.23322 -1.13851 1
4.94596 13.61676 -10.31840 1
5.42665 8.32655 -2.27865 -1
12.43146 4.40474 3.09157 1
-6.22487 19.23112 6.01546 -1
6.10490 10.27472 2.78871 -1
4.44849 11.59064 -3.44204 -1
1.75434 19.23046 -4.75255 -1
3.99680 1.07794 13.25482 1
-9.32201 18.03904 0.70862 -1
6.19790 2.22929 -0.43488 -1
12.32885 16.82834 -1.62424 1
-2.92634 13.31764 7.67939 -1
11.13326 0.54484 6.94991 1
5.73488 5.08540 3.77389 -1
-9.30399 7.24089 0.80357 -1
-8.99958 5.67684 -3.98256 -1
-8.79284 10.93219 -4.55534 -1
5.73285 5.46264 -1.73425 -1
-3.53477 13.82749 7.50332 -1
2.88946 6.28866 6.87338 -1
3.65948 11.27843 -4.03700 -1
-7.22239 14.48279 5.05267 -1
2.94289 3.81116 6.84168 -1
-3.02063 7.77591 -10.27484 1
0.32455 20.94681 7.80568 -1
0.45457 16.58068 -11.02741 1
10.89278 7.42844 7.38894 1
10.64895 4.08809 7.79726 1
1.04416 19.51138 -11.04060 1
5.18574 10.52158 4.73662 -1
10.91344 20.86036 7.35272 1
-8.69653 8.63188 -4.78950 -1
-6.74644 13.87261 -7.75612 -1
10.13113 10.05020 -6.43244 1
0.04720 8.81943 -10.99976 1
-1.13951 1.87092 7.91536 -1
-2.59371 11.70873 7.75449 -1
4.68303 8.71034 5.38762 -1
6.25377 6.78594 -0.16961 -1
0.15123 19.78563 -4.74186 -1
-2.18391 13.25967 -10.56851 1
1.04097 5.96260 -4.81408 -1
3.24535 14.24730 6.65038 -1
-4.28454 2.78053 7.21346 -1
6.05215 11.38949 -0.95390 -1
5.79173 1.44349 -1.61164 -1
6.69210 14.99328 -9.48713 1
-9.43370 10.13386 -1.90408 -1
1.88422 2.09086 7.36640 -1
4.82805 18.70923 -3.06322 -1
-6.44314 8.91734 5.83007 -1
10.32021 15.56358 -6.17610 1
12.38330 20.71591 3.36152 1
5.76030 14.08732 3.71888 -1
10.51529 5.49507 8.00770 1
5.82038 7.75293 -1.54926 -1
8.45237 10.30410 10.47275 1
0.26851 18.21279 -11.01667 1
12.53657 7.79485 2.31934 1
3.71073 1.38326 -4.00483 -1
12.46370 5.57992 2.88895 1
12.57327 14.33854 0.09090 1
9.81018 11.86624 8.99289 1
5.79985 16.63502 3.63062 -1
12.17777 0.77109 4.26582 1
0.83911 9.63602 14.05249 1
12.13426 2.76749 4.42551 1
12.37707 12.52680 3.39413 1
-7.12894 4.72155 -7.32858 -1
7.69186 20.37185 11.13404 1
1.24708 20.94642 7.58934 -1
-2.79930 15.27411 -10.36016 1
-2.32878 9.78278 -10.52318 1
4.49678 10.92098 5.59338 -1
5.64311 5.95614 12.49812 1
4.22542 16.33830 5.86648 -1
-6.55351 13.23419 5.73144 -1
12.40898 12.78813 -1.21753 1
8.68076 2.23869 -8.02278 1
11.47457 8.59394 6.24712 1
3.31565 5.28272 -4.23287 -1
8.30792 14.28950 10.60621 1
7.35026 13.42448 11.40041 1
6.34088 9.07758 1.49486 -1
0.58784 15.77961 7.75609 -1
8.32415 8.40555 -8.33568 1
-2.04488 1.66208 -10.60991 1
-6.46953 17.27294 5.80679 -1
7.35243 11.69596 11.39877 1
5.23939 9.12695 -10.20337 1
-8.61289 6.81877 2.92824 -1
3.64249 1.54337 6.36582 -1
-9.14772 11.74478 1.47138 -1
6.13154 4.05728 -0.69324 -1
6.20863 17.79849 -9.75409 1
-8.50085 16.41834 -5.21967 -1
6.00468 17.54991 -1.09237 -1
6.36048 0.37435 0.90685 -1
1.81581 5.44449 13.88897 1
6.28284 11.18694 1.98659 -1
12.39695 17.69434 -1.28344 1
12.34672 1.79543 3.54702 1
-3.13846 14.36695 7.62378 -1
-0.27640 20.68592 -10.96689 1
2.66022 18.28770 7.00266 -1
11.52854 8.49714 -4.07272 1
5.38459 0.90279 4.42794 -1
2.98578 11.20904 -4.39055 -1
3.97075 3.28969 13.26475 1
1.86273 8.19954 -4.73397 -1
5.51192 10.77762 4.20929 -1
-9.27324 5.80068 0.95440 -1
0.17130 20.61796 -4.74538 -1
5.67793 13.18595 -10.01365 1
11.19895 0.32427 6.82265 1
-4.14467 12.16378 7.27395 -1
0.30446 12.94141 -11.01899 1
12.59802 18.70150 1.44369 1
9.74250 15.35991 9.07813 1
3.91630 19.37027 13.28529 1
-8.39244 3.85692 3.36822 -1
-7.13491 5.61197 5.15025 -1
-1.16210 17.92058 7.91491 -1
1.51155 3.32886 -4.78529 -1
4.19706 3.12611 -3.65658 -1
4.43661 12.43141 5.65653 -1
12.06784 18.03749 -2.63236 1
-9.46943 2.68353 -1.38095 -1
-0.80889 19.90526 7.91460 -1
10.28466 13.51498 -6.22540 1
12.49609 10.71449 -0.66069 1
11.09284 17.47789 -4.94895 1
-1.13363 15.14355 -10.83214 1
9.47364 20.25851 -7.22578 1
11.54720 14.34349 -4.03086 1
6.21125 5.37973 -0.37648 -1
12.07361 5.12432 -2.61335 1
-1.76458 8.11565 -10.68724 1
11.96698 5.49077 4.97645 1
-9.45395 0.54180 -0.33048 -1
-6.61814 17.80458 5.67208 -1
5.29824 13.39546 -2.47216 -1
4.28572 8.45921 -3.58388 -1
-1.66684 17.71281 7.88804 -1
5.43372 18.59271 4.34575 -1
3.56129 2.05189 -10.74072 1
3.93243 12.75130 6.13089 -1
-2.84136 0.70417 7.69997 -1
-8.79822 17.61997 -4.54173 -1
-5.16555 19.85661 -9.11872 -1
-9.47418 13.53756 -1.23741 -1
1.36868 15.00793 -4.79886 -1
2.45270 4.04047 -4.58890 -1
4.25886 4.55624 5.83438 -1
3.78284 15.80773 -3.95819 -1
9.76431 15.40099 9.05082 1
-9.17388 16.52900 1.37364 -1
-9.47402 16.41589 -0.74538 -1
4.29549 19.74431 -3.57568 -1
9.49358 8.78772 9.37981 1
6.31524 2.52208 1.75233 -1
12.30049 10.34433 3.76319 1
8.51459 3.56109 10.41404 1
1.02227 20.96677 -4.81428 -1
6.31028 7.52474 1.79272 -1
-5.07453 11.03974 -9.18169 -1
4.86751 13.03742 -10.34759 1
4.10225 10.30469 -10.59867 1
-2.46369 5.78375 7.77989 -1
8.89517 7.68851 -7.82190 1
3.95000 7.87995 6.11584 -1
3.47791 3.38266 -4.14464 -1
-4.42680 8.60232 7.14878 -1
11.06695 6.90550 7.07500 1
-8.97257 20.79805 2.03899 -1
-9.45877 8.43902 -0.40290 -1
4.38668 5.68277 5.70777 -1
1.77874 18.61238 -4.74858 -1
10.66483 1.68610 7.77166 1
3.05198 4.98820 -4.36115 -1
-6.32003 12.85795 5.93616 -1
2.59334 14.99170 7.03840 -1
3.75673 3.46627 6.27619 -1
3.81473 11.20267 6.22925 -1
2.69166 16.46968 -10.91033 1
4.68241 1.83872 -3.21726 -1
-7.06138 14.60958 5.23004 -1
-9.06117 14.57507 -3.78683 -1
-2.55137 3.94228 7.76300 -1
0.55362 17.29829 -4.79548 -1
8.51150 17.31522 -8.17447 1
3.65862 10.62606 6.35339 -1
6.33545 12.25045 1.55928 -1
5.71297 13.79844 -1.77408 -1
-3.28242 18.26101 -10.16652 -1
3.72535 3.92776 6.30118 -1
-9.37385 16.89629 -2.39465 -1
0.42160 9.86172 -4.78178 -1
1.07357 9.41335 -4.81356 -1
7.34974 14.91803 11.40080 1
5.76442 20.00295 -1.66942 -1
-7.65888 17.23843 4.51741 -1
-8.76463 0.35511 2.58522 -1
6.27597 13.98524 2.02945 -1
-1.21293 3.12383 -10.81610 1
11.53441 18.06530 -4.05958 1
6.15508 10.62102 -0.60680 -1
-6.88390 4.59638 -7.60799 -1
1.37433 13.10830 -4.79840 -1
2.13261 3.75097 7.26166 -1
8.66116 16.66134 10.27271 1
-9.47628 14.19842 -0.85613 -1
6.36465 6.65651 -9.67122 1
6.02306 7.15802 3.05203 -1
10.85491 12.87276 -5.36302 1
-4.42699 19.19006 -9.59069 -1
6.35821 15.52408 1.17702 -1
-6.84972 3.89526 5.44908 -1
-8.75161 20.01291 -4.65767 -1
-9.46630 8.71223 -0.53845 -1
-7.98350 9.52332 -6.15663 -1
7.78178 11.75961 -8.76580 1
3.30433 11.35452 -4.23876 -1
12.56588 11.93472 -0.00619 1
6.32356 10.90517 0.30076 -1
-1.18314 14.12998 7.91443 -1
-9.32699 18.99853 -2.68110 -1
-6.94066 12.49869 5.35684 -1
2.55577 14.45408 -10.93045 1
-2.10284 4.71213 7.83892 -1
5.41845 0.85831 -2.29153 -1
-5.40216 0.71113 6.61289 -1
4.69072 17.47568 5.37877 -1
-2.35974 0.71550 7.79862 -1
5.72964 2.42417 -1.74074 -1
5.99294 0.33205 -1.12502 -1
-3.64441 15.39358 7.46609 -1
3.05805 14.84342 -10.84754 1
4.22418 14.02343 -10.56266 1
3.26878 20.96150 -4.25701 -1
6.15168 4.70518 -0.61958 -1
-4.65919 7.59454 7.03609 -1
5.36860 0.14167 -2.36821 -1
-9.02775 16.14976 1.87367 -1
1.81124 8.08929 -11.01063 1
-8.86212 12.53693 2.34216 -1
10.90635 10.55664 -5.27665 1
-8.27001 1.59156 3.58923 -1
5.68935 2.85687 3.86931 -1
5.66988 19.74423 -1.85793 -1
6.45399 8.81515 -9.62239 1
3.82692 10.26957 13.31846 1
3.67970 18.32590 -4.02440 -1
-7.92941 5.67346 -6.24233 -1
-9.44782 12.93866 -0.24865 -1
6.12111 0.98445 2.73148 -1
12.45389 1.97073 -0.95106 1
11.77565 16.69381 5.51853 1
12.51800 18.46996 2.48558 1
1.87457 3.66837 -4.73179 -1
5.75511 12.85627 12.43671 1
12.28597 9.13310 3.82755 1
6.03729 7.30974 3.00890 -1
12.14181 17.54289 -2.37978 1
11.38992 4.44727 6.43173 1
-7.04845 6.89959 5.24386 -1
6.27083 6.16002 -0.07472 -1
5.59478 10.90476 -1.99667 -1
4.78200 8.29840 -3.11319 -1
-8.77978 3.74058 2.54876 -1
-2.84052 9.02589 7.70017 -1
11.84445 10.20252 5.33227 1
3.38071 9.40043 6.55787 -1
-8.67936 1.81992 2.78266 -1
1.45676 16.72288 -4.79099 -1
-3.72813 4.44405 7.43651 -1
4.02379 8.19743 6.05154 -1
1.92369 5.03793 13.86652 1
12.42309 0.70357 3.14102 1
-9.34534 20.12451 0.57690 -1
11.86416 4.37959 -3.24342 1
-6.09488 13.33713 6.12010 -1
-4.04550 2.82936 -9.80215 -1
5.03397 8.58177 12.80903 1
-8.38816 8.71672 3.37621 -1
1.57438 9.25988 7.48277 -1
7.11959 12.88739 -9.22500 1
-7.05919 10.40349 5.23238 -1
-9.34724 12.09169 0.56565 -1
6.27591 4.28324 -9.71873 1
7.63465 15.42819 11.17989 1
-7.75820 8.30861 -6.50161 -1
-1.10756 9.71576 -10.83728 1
-9.41482 19.16795 0.08975 -1
0.65399 2.74544 -4.80339 -1
-9.47120 10.92075 -1.33454 -1
5.28426 5.15084 4.58817 -1
5.74654 0.88627 3.74880 -1
-6.52348 9.48406 5.75861 -1
5.28831 18.68259 4.58188 -1
0.42711 2.21204 -4.78243 -1
2.23023 11.74167 7.21757 -1
3.31470 9.62309 6.60353 -1
6.19724 4.32556 2.43111 -1
-2.25335 20.75623 7.81633 -1
6.21145 11.91373 -0.37556 -1
-4.51338 19.52381 -9.53988 -1
-1.61069 10.05236 -10.72627 1
10.38958 11.45893 8.19792 1
10.69887 7.95966 -5.61549 1
6.36023 11.29562 0.88892 -1
0.35496 18.63169 -11.02205 1
-3.76088 12.05223 7.42466 -1
1.34845 19.38719 -4.80044 -1
7.74520 15.91883 11.09084 1
5.16999 20.70491 4.75961 -1
6.00838 18.49752 -1.08196 -1
12.59764 15.18509 0.53990 1
6.20875 10.24996 -0.38759 -1
3.36552 18.61153 6.56847 -1
2.00168 19.48165 7.31818 -1
5.47455 13.67556 4.27541 -1
-5.72659 15.20971 6.39502 -1
7.81994 20.24812 -8.73722 1
-6.98166 2.78759 5.31434 -1
1.80977 9.13538 -4.74336 -1
6.34507 3.36755 1.43902 -1
-6.33964 15.26834 -8.16245 -1
6.34633 18.33351 1.42090 -1
3.28147 17.16413 -4.25053 -1
5.46370 4.78876 4.29429 -1
6.90517 15.20113 11.72220 1
6.19068 1.08518 -0.46539 -1
2.49270 6.45356 -4.57630 -1
4.69682 5.04078 -10.40883 1
12.47522 9.39520 2.81099 1
5.84669 6.59021 3.52150 -1
4.19309 15.63244 5.89712 -1
6.33934 8.79728 0.46464 -1
4.21652 14.62615 -10.56497 1
12.56730 2.48633 0.01181 1
12.14385 14.12755 4.39099 1
-3.69367 14.66792 -9.97945 -1
0.79643 4.85959 7.71002 -1
12.60231 2.24781 0.69488 1
11.21538 8.11700 -4.71979 1
2.34686 2.86840 -4.62050 -1
0.32010 16.24780 -4.76868 -1
5.23267 14.97558 -2.56481 -1
-4.28119 2.30148 7.21494 -1
-8.72289 14.34909 -4.72708 -1
-3.45299 11.63727 -10.09149 -1
2.95611 2.09777 -4.40337 -1
6.32565 6.03154 0.32008 -1
-9.29763 1.75583 -2.83756 -1
4.72623 14.86941 -3.17212 -1
-3.08682 7.13574 -10.24822 -1
5.93451 19.45978 -1.27940 -1
11.40343 11.18232 6.40276 1
-8.72478 10.93762 2.67911 -1
12.38825 14.12520 -1.32992 1
-7.65439 17.25338 4.52337 -1
12.60410 19.29510 1.21163 1
4.49606 3.49658 5.59416 -1
3.69105 3.35881 6.32817 -1
-9.38338 1.31679 0.33315 -1
12.35148 7.35912 3.52369 1
10.48020 0.25099 -5.94748 1
8.58203 19.38575 -8.11198 1
10.12723 3.20983 8.57333 1
-9.45877 13.34866 -1.58745 -1
-9.47153 6.91638 -1.32535 -1
-8.89259 1.68935 2.26178 -1
10.04416 19.22106 -6.54571 1
-8.35847 5.64950 3.43103 -1
5.42706 17.01923 -10.12484 1
4.51114 13.70513 5.57809 -1
-1.25930 9.21525 7.91223 -1
0.57083 4.64419 -4.79698 -1
6.08734 2.63965 2.84856 -1
12.26649 20.89590 -1.89972 1
5.69986 13.30400 -1.79995 -1
-9.45687 5.78799 -0.37340 -1
-3.93321 11.03358 -9.86052 -1
5.40624 6.08309 4.39203 -1
4.19536 2.47776 -3.65795 -1
12.09004 5.13543 -2.55861 1
-8.55208 7.45846 3.05574 -1
2.81040 13.44320 -4.46322 -1
-8.12748 17.91641 -5.91870 -1
5.79739 18.06793 -1.59948 -1
10.32919 20.94654 -6.16357 1
12.46163 20.78316 2.90268 1
2.07581 15.63986 -4.69023 -1
10.79508 16.31370 -5.46148 1
3.43620 12.79839 -4.16803 -1
-4.11015 2.67584 -9.76775 -1
4.45003 18.04128 -3.44065 -1
0.86048 17.86894 7.69465 -1
12.60572 1.76754 1.07050 1
6.32559 6.57319 1.66044 -1
-4.44942 19.72665 7.13820 -1
0.12858 13.37019 7.83652 -1
-9.39083 10.85424 0.27973 -1
-9.46464 5.30473 -0.50544 -1
-6.46163 10.32857 -8.04533 -1
-7.50625 15.07156 -6.85414 -1
4.69266 18.44049 -3.20680 -1
-4.25574 8.02247 7.22616 -1
-1.93055 9.47964 7.86121 -1
1.20791 5.13028 7.60101 -1
12.51717 1.77591 2.49254 1
6.34879 1.69318 0.59469 -1
-8.79336 4.54530 -4.55402 -1
-2.68666 12.32303 7.73498 -1
-9.41057 15.71635 0.12583 -1
10.22085 18.44779 8.44253 1
4.76138 19.71762 5.29601 -1
0.67648 13.05765 7.73726 -1
6.24704 3.79503 -0.20488 -1
0.03475 3.08777 7.84948 -1
-0.78717 19.80890 7.91407 -1
5.80365 4.83484 -1.58592 -1
-8.21851 12.68379 -5.76014 -1
-4.51255 5.88687 7.10823 -1
-9.34099 9.96691 -2.60094 -1
-9.22263 10.03111 -3.18583 -1
5.33476 6.03798 12.66030 1
1.02742 20.26890 7.65184 -1
-4.72970 3.44190 7.00012 -1
-9.27594 13.52609 -2.94493 -1
2.95289 17.28947 -4.40475 -1
-2.72497 17.29290 7.72660 -1
12.03202 17.34876 4.77257 1
8.16209 16.94648 -8.46972 1
-4.86448 9.76326 6.92902 -1
-0.51473 9.27609 -10.93644 1
4.74170 9.23723 -3.15595 -1
10.79665 17.22229 -5.45892 1
2.10699 17.40129 -4.68302 -1
2.27774 11.20873 7.19551 -1
-3.13083 6.81682 -10.23023 -1
-8.33841 17.72756 3.46758 -1
0.58682 19.07724 -4.79833 -1
3.07624 10.23012 6.75987 -1
12.56112 15.99153 -0.06396 1
-3.09020 13.94855 7.63696 -1
-1.96307 11.96692 -10.63333 1
-9.47725 15.75756 -1.02286 -1
8.17845 8.10787 -8.45641 1
5.24103 3.35672 -10.20270 1
3.87337 4.43615 6.18077 -1
-8.52114 20.35489 -5.17749 -1
4.73264 14.90307 5.32998 -1
10.11986 2.35935 -6.44728 1
11.14223 0.99192 -4.85799 1
-3.31237 11.26225 -10.15360 -1
-8.55489 19.06885 -5.10618 -1
0.29635 16.26987 7.81044 -1
3.16789 12.01698 6.70134 -1
-9.15215 0.00370 1.45513 -1
0.35747 16.68548 14.10730 1
6.04979 9.41794 2.97016 -1
11.33121 5.53044 -4.49163 1
10.52635 14.56466 -5.87938 1
-5.55942 11.55076 6.50998 -1
-2.41481 10.12742 -10.49520 1
2.88391 16.14061 -4.43367 -1
0.21282 8.69636 7.82389 -1
-4.47870 7.40536 -9.56041 -1
-7.88530 7.23269 4.20225 -1
10.00519 16.41178 8.73895 1
12.49352 4.44208 2.67957 1
4.36154 8.32233 5.73318 -1
-9.08466 12.62299 1.69116 -1
6.19567 7.94470 2.43793 -1
-1.55399 10.74269 7.89684 -1
-1.51470 9.09943 7.89952 -1
1.42254 12.72057 7.53425 -1
1.82074 9.57291 7.39151 -1
9.52453 8.65993 -7.16916 1
-1.47413 10.79695 7.90209 -1
1.15138 1.59857 14.00792 1
8.07194 3.86860 -8.54220 1
2.52389 11.16743 -4.56623 -1
-2.08708 17.64257 -10.59756 1
2.07172 18.95415 -4.69116 -1
-1.34837 6.68716 -10.78728 1
3.68023 20.16840 -10.71194 1
-5.77335 7.32978 6.36179 -1
5.52052 7.56418 4.19384 -1
9.33937 4.86065 -7.37175 1
-7.63200 4.25258 4.55296 -1
-8.78759 11.20763 2.52977 -1
-3.71109 8.45388 7.44261 -1
12.20034 16.34431 -2.16423 1
3.29787 10.71852 6.61500 -1
-5.83992 20.99841 -8.60468 -1
10.09223 6.58497 8.62138 1
-5.64879 16.18779 6.44925 -1
4.85606 4.75571 5.18093 -1
-0.71255 5.16874 7.91178 -1
8.81994 5.82295 10.11465 1
12.19750 0.40925 4.19063 1
12.59564 2.80948 0.48795 1
-6.63335 8.56019 -7.87372 -1
2.92578 9.80131 -10.87165 1
-2.86864 2.62246 7.69347 -1
-4.17530 11.19359 -9.73250 -1
1.86682 7.87814 -4.73322 -1
-1.46440 6.37165 7.90267 -1
6.04198 19.87620 2.99444 -1
-5.92718 18.76728 6.24911 -1
6.20166 19.63054 -0.41869 -1
7.47195 8.00819 -8.98911 1
-6.82677 8.04535 5.47192 -1
-9.33765 4.90044 -2.62042 -1
-8.80867 4.65511 2.47792 -1
1.67541 9.98434 13.91687 1
-5.26852 5.20414 -9.04574 -1
3.78569 13.80679 6.25288 -1
5.52564 9.03685 -2.11703 -1
8.94204 3.90873 -7.77662 1
11.21441 20.52289 6.79220 1
6.20098 13.75887 -9.75807 1
0.97206 15.02980 -11.04068 1
-4.09884 16.11636 7.29311 -1
6.30059 12.32208 0.11642 -1
6.33129 7.36263 1.60397 -1
-3.99265 18.69190 -9.82983 -1
3.90645 6.72825 -3.87436 -1
3.23161 14.93350 6.65952 -1
-7.42088 15.66258 -6.96669 -1
6.00323 11.79136 -9.85857 1
3.76731 9.07303 13.34019 1
9.13211 0.47073 -7.58778 1
3.08656 6.12938 -4.34535 -1
-9.47534 18.83310 -1.18685 -1
-9.01388 12.48859 -3.93835 -1
9.76796 0.24014 -6.88782 1
-7.98601 11.73640 -6.15262 -1
12.44177 1.21046 3.02902 1
-7.04349 14.38626 5.24915 -1
4.21130 14.39621 5.87991 -1
2.07183 4.26102 7.28826 -1
-8.02444 14.20703 -6.09049 -1
0.81468 10.00652 7.70570 -1
0.67921 10.57190 -4.80505 -1
-9.12579 6.08613 -3.56420 -1
-5.84170 17.23722 6.31238 -1
5.73864 14.99995 -1.72251 -1
-4.23089 5.22714 -9.70196 -1
12.51306 18.57033 2.52671 1
-9.39488 6.09448 0.24974 -1
10.79382 0.90485 7.55872 1
-9.43770 3.58270 -0.13045 -1
11.30350 3.26999 -4.54731 1
-9.08932 3.89890 1.67561 -1
10.16523 8.18409 8.52064 1
6.07442 5.49982 -0.88486 -1
8.10688 0.36136 10.78561 1
-8.62976 6.40688 -4.94250 -1
6.04660 4.81462 2.98013 -1
-3.68795 6.44246 -9.98220 -1
11.58976 19.10178 -3.93376 1
5.42518 8.13745 -2.28097 -1
6.25073 10.50724 -9.73203 1
5.51788 2.36618 4.19860 -1
4.48861 17.23560 5.60205 -1
1.38272 6.88771 -11.03394 1
11.47415 2.39917 -4.19238 1
1.82461 15.94868 -4.74079 -1
12.59821 5.12522 0.55603 1
1.25369 18.18184 -4.80672 -1
11.96464 4.91120 -2.95529 1
3.85022 2.08573 -3.91311 -1
2.90398 18.45995 13.62099 1
10.89057 11.85694 7.39279 1
6.24872 3.82392 -0.19619 -1
-7.03146 15.00788 -7.44221 -1
4.25029 0.80098 -3.61330 -1
4.52319 11.31475 -10.46801 1
-2.83531 19.04980 -10.34666 1
12.53884 18.83973 2.29750 1
-9.29261 2.80864 0.86087 -1
-6.95255 13.56896 -7.53177 -1
4.35169 18.29538 -3.52774 -1
1.49885 0.95194 -4.78667 -1
0.08311 4.10946 -4.72923 -1
10.16475 11.27147 -6.38789 1
-2.08686 2.81942 7.84114 -1
-6.52281 18.22136 5.75922 -1
6.06259 8.77492 -9.82891 1
1.08159 18.38776 7.63709 -1
12.53035 18.34091 -0.37949 1
6.14689 8.90116 -0.63746 -1
4.42730 2.53999 -10.49936 1
5.15806 19.41611 12.74878 1
2.50795 12.84510 -4.57141 -1
5.49773 15.79355 4.23460 -1
6.23413 11.89985 2.25915 -1
-5.80377 6.83366 -8.63451 -1
2.24510 5.18186 -4.64855 -1
1.35682 2.07045 -4.79979 -1
-9.41973 12.23112 0.04645 -1
3.95256 9.59654 13.27164 1
11.15190 6.30393 6.91414 1
5.25730 17.58028 -2.53046 -1
-1.17489 11.26262 -10.82387 1
2.21093 1.54106 13.80238 1
1.33334 1.37192 7.56284 -1
2.50416 9.12377 -10.93764 1
-8.48835 7.06145 3.18411 -1
-9.09498 18.42034 1.65655 -1
5.50581 11.60621 12.57157 1
-7.57930 7.23925 4.62158 -1
8.84322 15.60839 -7.87149 1
-8.52190 10.67215 -5.17590 -1
5.00478 7.69500 -10.29609 1
12.37970 14.34464 3.38040 1
-6.03798 10.29004 -8.43626 -1
2.47566 11.74984 13.73758 1
-7.74858 17.78582 4.39601 -1
4.37432 5.59864 13.10417 1
0.62003 9.76643 -4.80095 -1
2.87719 9.24487 13.62871 1
6.35472 12.39218 0.70568 -1
12.50976 17.25295 2.55365 1
12.46894 15.32247 -0.85290 1
-1.40411 1.42726 7.90603 -1
-4.75870 20.15892 6.98509 -1
5.61526 6.33202 -1.95971 -1
12.36639 10.19357 -1.44254 1
4.67712 7.84711 -3.22264 -1
7.14058 10.37759 11.55543 1
-7.16199 1.25794 -7.28927 -1
4.25601 5.76813 -3.60859 -1
-9.26232 4.73161 -3.00932 -1
-5.85370 15.26538 6.30360 -1
11.10041 9.09192 7.01228 1
8.72814 10.38463 -7.97925 1
12.54973 10.22153 -0.19072 1
3.90893 13.87161 -3.87263 -1
4.67768 16.95729 5.39377 -1
-5.50785 19.15278 -8.86868 -1
-1.75836 11.52216 -10.68887 1
-2.10191 20.55372 7.83905 -1
2.80115 10.87929 6.92446 -1
-3.12005 4.05555 -10.23466 -1
-4.16869 9.36606 7.26378 -1
1.63429 19.74827 -4.77027 -1
12.50393 1.46551 -0.60079 1
-0.07303 7.79612 7.86293 -1
-7.20114 12.34653 5.07665 -1
-0.95227 19.61587 7.91663 -1
12.21865 15.78523 -2.09342 1
-0.60973 9.14668 -10.92281 1
-0.25765 7.88238 -10.96906 1
7.00396 20.62612 11.65313 1
10.63966 16.29843 -5.70778 1
1.95732 15.28375 -10.99889 1
-3.48387 12.07939 7.52002 -1
7.56773 18.34805 -8.92172 1
8.93453 2.81426 9.99722 1
-5.47982 9.23870 6.56269 -1
-7.66119 3.21095 -6.64116 -1
5.79909 20.05474 -1.59579 -1
3.33543 10.15578 6.58931 -1
-6.59223 17.16071 -7.91555 -1
6.22908 13.39127 2.28407 -1
12.60587 17.52836 1.03587 1
3.73617 15.78579 -10.69793 1
1.45108 8.16338 -4.79155 -1
-3.56221 11.44174 7.49416 -1
5.58376 20.20745 4.07718 -1
0.92239 15.45057 -4.81413 -1
12.43091 11.91530 3.09485 1
-3.58970 3.16787 7.48488 -1
4.42069 6.87787 5.67298 -1
3.85423 1.02493 -10.66735 1
10.90097 18.67392 -5.28576 1
12.55544 15.76575 -0.12889 1
-0.61952 15.94548 7.90793 -1
10.46217 14.27759 8.08895 1
-4.13778 17.98664 7.27685 -1
-8.64468 16.71643 2.85946 -1
2.68548 13.35597 -10.91128 1
-8.68596 14.03519 -4.81418 -1
-3.06678 13.09192 -10.25633 1
3.71613 12.25083 -4.00140 -1
1.48333 16.54661 13.95263 1
0.47589 1.22361 -4.78787 -1
5.89102 11.53239 -1.38663 -1
12.57694 18.42614 0.14312 1
-5.46810 16.27990 -8.89883 -1
5.95560 9.87280 3.24444 -1
-9.40499 9.21614 0.17141 -1
3.61958 16.33124 13.39271 1
4.47586 13.99249 5.61552 -1
-2.97212 17.23446 7.66790 -1
9.41059 9.74826 -7.29494 1
-6.50393 13.49032 5.77616 -1
-5.37907 16.69981 -8.96527 -1
-9.44307 12.92479 -0.19105 -1
-7.15769 3.51554 -7.29441 -1
-6.88297 5.19360 5.41567 -1
-7.89843 15.88403 4.18304 -1
-2.63552 19.20204 7.74585 -1
10.02606 9.93464 -6.56894 1
2.26318 10.60768 7.20231 -1
3.74183 15.04078 -3.98492 -1
-1.61105 16.36384 -10.72618 1
6.06537 10.76869 -0.91326 -1
4.97353 10.89032 -2.89699 -1
12.55543 15.32700 -0.12902 1
4.60080 19.60633 5.48047 -1
11.76049 20.44642 -3.51883 1
-5.43397 15.22236 -8.92448 -1
-6.58703 4.92197 5.70080 -1
5.85463 18.18054 -1.47205 -1
0.54018 4.55273 14.08849 1
12.10701 8.27592 4.52162 1
-0.11947 1.69075 -10.98405 1
-7.95757 3.43214 4.09518 -1
-5.98803 8.88605 -8.47955 -1
4.88133 15.38321 5.14936 -1
6.09389 13.39400 -9.81309 1
5.56377 10.02337 4.11464 -1
-2.84524 16.59778 7.69905 -1
-6.26470 2.90710 -8.23252 -1
-4.81980 5.14189 6.95294 -1
6.83673 10.31332 11.76928 1
-9.39880 6.74264 -2.21457 -1
-4.85100 17.11262 -9.33042 -1
-6.58317 3.46139 5.70434 -1
5.11826 18.43649 -2.71773 -1
3.61893 4.69999 6.38384 -1
2.38874 1.00507 -4.60830 -1
3.32033 3.23023 6.59968 -1
-9.17988 4.57638 -3.36075 -1
-1.09912 18.34357 -10.83893 1
6.07038 10.02506 -0.89760 -1
-7.87350 13.98374 4.21940 -1
12.43618 3.69258 3.06316 1
-1.54067 12.71210 7.89777 -1
-4.41589 18.90964 -9.59714 -1
5.04643 9.69644 -10.28007 1
2.57357 17.84934 -4.54973 -1
-2.90418 20.26763 7.68485 -1
11.97942 9.92917 -2.91086 1
1.18319 7.46047 7.60825 -1
1.62398 3.24068 -4.77165 -1
-6.90942 10.59354 -7.57984 -1
-8.28516 9.02628 -5.63960 -1
6.77763 4.73118 11.80946 1
-3.35947 5.30465 7.55930 -1
-8.70377 13.43327 2.72745 -1
6.36017 0.29584 1.09097 -1
-8.61545 11.20432 -4.97441 -1
3.72047 17.00967 -3.99863 -1
5.74244 8.82137 -9.98389 1
-9.37916 1.86069 0.36243 -1
5.23987 4.22131 12.70821 1
8.43424 2.10171 -8.24178 1
-9.33197 10.42523 -2.65302 -1
-5.26505 3.76450 -9.04823 -1
5.45084 7.20038 4.31648 -1
-5.80366 2.96984 6.34001 -1
-7.91223 14.24331 -6.26915 -1
1.86822 10.81426 13.87818 1
9.75003 18.03354 9.06871 1
6.33603 8.71952 1.55269 -1
6.08704 3.00139 2.84958 -1
10.01645 19.58973 8.72390 1
5.69130 8.11792 12.47187 1
3.50828 10.81642 -4.12731 -1
8.90715 19.41264 -7.81037 1
-9.15711 7.41581 -3.44856 -1
-9.31279 5.92878 -2.75852 -1
11.70967 17.44422 -3.64695 1
11.81627 1.77079 -3.37315 1
11.78654 7.63612 -3.45150 1
3.34931 7.18051 -4.21517 -1
-1.38311 4.91340 7.90709 -1
-1.94314 4.90915 7.85971 -1
-9.42520 14.09998 -0.00403 -1
5.76005 15.00911 -1.67852 -1
-8.89796 2.64722 -4.27797 -1
-8.50351 13.24811 3.15403 -1
-7.86903 9.36467 -6.33577 -1
-9.28959 4.05468 -2.87811 -1
3.53837 16.19427 13.42078 1
6.78217 18.84580 -9.43401 1
-4.08751 4.63417 -9.77986 -1
4.21449 16.33030 -3.64253 -1
-9.28293 5.02375 0.90820 -1
12.58731 16.12764 0.31243 1
9.15999 6.79428 -7.55935 1
6.86517 20.34056 -9.38407 1
-8.32455 10.06641 -5.56646 -1
-3.82107 6.34225 7.40247 -1
-9.46818 0.42452 -0.57934 -1
2.51857 3.55631 7.07731 -1
9.26440 20.87259 -7.45117 1
12.54878 4.19040 -0.20062 1
-9.45299 10.17212 -0.31709 -1
0.18253 20.25064 7.82854 -1
5.66012 15.92021 -10.02178 1
10.31554 18.90507 8.30671 1
5.98983 3.96436 3.14917 -1
9.19048 11.60888 9.72414 1
1.91922 5.98554 -4.72331 -1
3.47479 15.89791 -10.76080 1
-5.48834 15.82816 -8.88351 -1
5.27112 16.46294 -2.51095 -1
0.67932 11.86999 -11.03616 1
1.63454 0.23595 7.46138 -1
1.37765 13.93732 7.54879 -1
2.92135 20.52757 -10.87243 1
5.77127 7.84012 3.69472 -1
3.46242 13.95943 -4.15339 -1
3.25901 11.93520 6.64124 -1
3.11183 13.89011 6.73737 -1
6.35825 0.49031 1.17565 -1
-2.38517 10.07708 -10.50493 1
4.58383 11.59448 -10.44770 1
-1.17694 10.29866 -10.82346 1
-9.27831 18.32899 -2.93349 -1
5.56095 5.60367 -2.05639 -1
5.97890 19.41123 3.18009 -1
5.85557 14.38706 -1.46989 -1
-9.05604 5.80963 1.78461 -1
-7.74367 16.60870 4.40277 -1
6.04450 20.83271 -0.97696 -1
4.39766 19.63829 -3.48754 -1
3.10656 1.01901 -4.33608 -1
-7.23756 2.02695 -7.19787 -1
1.01122 0.01013 -4.81437 -1
3.62846 1.30344 6.37657 -1
8.69332 8.25903 -8.01129 1
5.24648 1.89581 12.70490 1
5.26873 14.36605 -2.51434 -1
0.11096 19.59544 -11.00510 1
5.69940 18.93987 3.84857 -1
9.71080 3.66326 -6.95550 1
5.52491 16.98322 4.18591 -1
0.92732 3.49548 -11.04049 1
6.27712 16.49780 12.13198 1
-8.86664 13.25686 -4.36329 -1
8.59811 2.24706 10.33403 1
0.87687 10.71835 -4.81337 -1
5.26309 10.20658 4.62077 -1
-7.20366 16.17071 5.07381 -1
6.07662 2.37943 2.88411 -1
12.39860 16.12605 -1.27451 1
3.52733 0.11173 -4.11630 -1
0.09240 5.04438 -4.73101 -1
11.31982 3.90027 6.57908 1
11.73728 16.22657 -3.57786 1
6.32987 1.58296 1.61849 -1
6.44512 7.19291 -9.62728 1
-5.86361 15.92814 6.29632 -1
11.18648 7.66001 -4.77490 1
12.30675 11.13676 3.73494 1
4.52361 13.84331 5.56473 -1
-9.39454 16.18223 0.25233 -1
3.11861 18.04604 6.73305 -1
-4.15281 20.17941 -9.74474 -1
-9.19157 16.48387 1.30497 -1
3.69080 20.31678 6.32836 -1
4.15721 8.49094 -3.68826 -1
9.03923 15.47520 9.88736 1
5.55928 13.95562 4.12299 -1
0.23823 2.08876 14.11828 1
6.09359 14.94086 -0.82307 -1
4.78382 8.19273 -10.37800 1
6.03561 20.00742 -1.00340 -1
3.86239 13.19450 -3.90482 -1
-6.44583 9.91946 5.82771 -1
1.72114 16.87150 -4.75775 -1
4.80235 6.67879 -10.37133 1
6.23257 3.84109 -0.27723 -1
5.10188 20.92884 -10.25844 1
-9.12547 5.75014 -3.56537 -1
0.16893 16.46734 -4.74497 -1
8.68793 10.52348 10.24644 1
-5.49253 2.58242 6.55437 -1
-3.25965 15.95446 7.58925 -1
12.34416 15.43063 3.55950 1
2.35461 1.13256 7.15894 -1
0.52997 5.41538 -4.79330 -1
6.32758 13.82882 1.64131 -1
-4.55379 6.19540 -9.51574 -1
12.23216 4.96242 -2.04005 1
6.04815 6.34313 -0.96599 -1
6.06162 9.33334 2.93273 -1
10.30991 13.24343 -6.19044 1
-9.42539 7.34933 -0.00577 -1
-3.09146 17.55047 7.63662 -1
1.09434 9.32879 -4.81311 -1
-2.50141 13.65556 7.77275 -1
-7.59925 17.38794 4.59576 -1
9.39644 1.99200 9.49277 1
12.09805 12.59681 -2.53162 1
4.36057 13.39527 -3.52005 -1
11.36624 13.63919 6.48204 1
11.18333 12.70557 6.85321 1
-1.78604 7.81397 7.87701 -1
2.80680 6.32576 -4.46464 -1
1.17226 4.86011 14.00468 1
-9.38493 1.56243 0.32218 -1
4.58423 1.54792 5.49879 -1
0.97418 10.12974 -4.81447 -1
0.20263 16.29392 -4.75070 -1
2.75661 16.68477 -4.48403 -1
4.21165 13.25412 -10.56643 1
3.10930 6.22233 -4.33480 -1
3.96872 7.14211 6.09969 -1
4.98235 16.38566 5.01929 -1
1.39868 17.57327 -4.79636 -1
-4.18301 2.69257 -9.72829 -1
9.47940 14.43718 9.39645 1
5.82929 14.97959 -1.52946 -1
-7.54978 10.01919 4.65943 -1
12.59810 1.47400 0.55292 1
8.73984 1.57775 -7.96842 1
1.06468 11.14087 14.02101 1
5.83872 14.76933 -1.50827 -1
0.52096 2.45457 -11.03047 1
-9.41857 2.47372 0.05682 -1
2.68340 17.33251 -10.91160 1
7.12469 2.24361 11.56693 1
-5.93758 0.75500 -8.52271 -1
2.59014 7.99142 13.70786 1
6.00660 18.67851 -9.85690 1
6.34380 5.78593 1.45673 -1
-5.94169 13.79980 -8.51922 -1
0.54032 15.63916 -4.79427 -1
2.00261 6.42739 7.31778 -1
1.75762 1.63892 -11.01446 1
1.45594 2.86636 7.52323 -1
-6.96666 7.58163 5.32995 -1
-4.79608 0.87914 6.96549 -1
-9.00342 6.76153 -3.97074 -1
6.23926 0.21314 -0.24433 -1
-3.77338 9.58000 7.42009 -1
3.02738 9.21993 -10.85328 1
-1.43183 11.82358 -10.76861 1
6.03056 13.94559 -1.01823 -1
0.97124 14.86937 -11.04068 1
1.46972 17.12136 7.51864 -1
6.80849 7.89674 -9.41828 1
-8.94864 0.13071 -4.13448 -1
3.91266 8.59477 13.28665 1
1.22811 3.28360 7.59502 -1
-8.40117 17.49760 3.35188 -1
5.85807 9.20754 -1.46414 -1
-1.13991 14.94479 -10.83089 1
12.56589 4.34699 -0.00606 1
2.44793 9.04592 -4.59038 -1
2.98286 7.48232 6.81757 -1
12.52149 19.66084 -0.45752 1
-9.09360 15.00206 -3.67758 -1
1.47378 18.79145 13.95433 1
-7.33453 14.61583 4.92317 -1
-8.59492 19.84844 -5.01964 -1
6.03885 20.49167 3.00409 -1
6.34634 13.19151 1.42070 -1
-0.94047 17.39982 -10.86864 1
5.38740 4.12924 4.42331 -1
-5.70427 2.05528 -8.71521 -1
12.60553 6.24762 0.89592 1
-5.28504 18.50837 -9.03385 -1
10.91245 7.42923 -5.26629 1
0.50926 14.17950 -11.02996 1
5.67209 4.35742 3.90453 -1
-6.13717 18.51723 6.08652 -1
6.36073 0.56683 1.04759 -1
-9.33377 4.93441 0.64360 -1
1.96363 12.24631 7.33405 -1
-9.46402 10.31253 -0.49363 -1
0.26791 0.98843 -4.76107 -1
12.38684 16.83460 3.34273 1
5.15996 6.17387 4.77414 -1
3.47376 16.35089 -10.76103 1
5.80077 11.74497 3.62855 -1
4.58100 15.11790 -3.31793 -1
5.60782 6.81962 4.03134 -1
-6.10893 7.93110 -8.37380 -1
-1.58502 13.20539 7.89458 -1
5.91048 13.10404 12.34923 1
-2.82649 10.05104 -10.34998 1
-7.41752 2.30658 -6.97106 -1
8.25912 14.50467 10.65043 1
3.83701 9.68912 -10.67190 1
5.57622 1.36324 12.53416 1
2.54299 10.39466 -4.55995 -1
4.16828 19.13370 5.92038 -1
-1.36351 20.44055 7.90804 -1
4.70194 19.14955 5.36580 -1
-4.34723 6.37314 7.18535 -1
-1.33751 0.83786 7.90921 -1
6.28765 1.36609 1.95544 -1
3.55161 8.86708 6.43453 -1
-9.45286 15.99807 -1.67553 -1
-6.53247 8.12692 5.75050 -1
-5.19157 13.91432 6.74310 -1
11.14712 0.05731 -4.84889 1
6.69636 8.47249 -9.48465 1
1.58057 0.39693 13.93487 1
6.28168 11.98575 12.12919 1
1.12381 7.43804 -4.81233 -1
-6.98938 20.29122 5.30627 -1
5.10403 2.91149 12.77520 1
-2.48817 13.08876 -10.47069 1
7.87772 20.34564 -8.69347 1
5.95738 0.68780 3.23959 -1
5.03172 17.45515 -2.82670 -1
-9.39265 1.78761 0.26640 -1
1.05084 2.81273 -11.04057 1
-8.80632 3.38375 2.48374 -1
-5.77373 12.20922 -8.65909 -1
-3.01455 13.53646 -10.27726 1
2.33615 18.43389 7.16782 -1
4.72551 4.86960 -3.17288 -1
6.23237 15.24311 -0.27821 -1
7.16103 8.91796 -9.19822 1
7.13886 7.73819 -9.21258 1
4.75596 20.40571 -3.14092 -1
-4.42184 13.43124 -9.59368 -1
5.77302 15.10768 3.69087 -1
-7.33847 10.39350 -7.07233 -1
12.58355 2.70146 1.74840 1
5.57942 15.25316 -10.05817 1
-1.08296 12.91252 -10.84207 1
6.23168 17.61322 2.27133 -1
12.55294 19.94834 -0.15632 1
-5.96353 20.05307 -8.50058 -1
5.06994 17.61491 -10.27094 1
-6.10897 13.13022 6.10896 -1
-3.88572 2.22198 -9.88471 -1
5.93413 12.32769 3.30201 -1
6.52923 5.03118 11.97340 1
8.48206 15.12753 10.44483 1
-1.92766 0.92097 -10.64325 1
4.76160 4.65810 -10.38595 1
10.75328 8.10463 7.62664 1
6.33769 16.49065 -9.68577 1
-9.44587 2.65860 -0.22445 -1
12.49117 3.85915 2.69702 1
0.11540 16.40316 7.83841 -1
-0.86193 18.99779 7.91565 -1
3.71532 15.20666 -10.70318 1
2.04990 11.10945 7.29770 -1
-8.86117 3.83226 2.34463 -1
11.83290 2.08727 5.36416 1
-9.41863 17.32562 -2.04950 -1
6.06864 16.37210 -0.90305 -1
6.15446 11.75015 -0.60912 -1
1.45628 8.44535 7.52312 -1
-1.04933 11.22976 7.91652 -1
-1.45496 7.66030 -10.76332 1
2.68339 0.52291 -4.51125 -1
6.35854 11.92803 1.16549 -1
-3.69728 0.06670 -9.97772 -1
5.70172 3.00150 3.84377 -1
7.99539 18.27467 -8.60260 1
2.99057 3.18373 -10.86005 1
4.82853 12.48172 -3.06268 -1
-1.69810 20.76360 -10.70440 1
0.58176 12.12436 7.75734 -1
6.34686 9.87518 1.41294 -1
-8.43648 1.03300 3.28497 -1
0.92163 15.68992 -11.04046 1
5.84923 4.70672 -9.93355 1
-8.07725 8.37022 -6.00342 -1
-9.05753 15.76282 -3.79882 -1
0.08736 15.66736 14.13071 1
-9.26478 19.24058 0.99378 -1
2.61577 6.22057 7.02651 -1
2.63447 17.25921 -4.52873 -1
6.35450 15.85977 1.27613 -1
-0.51454 17.48053 7.90227 -1
-7.05322 15.74632 5.23877 -1
5.77253 6.68347 -1.65242 -1
5.88986 11.56949 -9.91404 1
6.15940 15.95770 -9.77961 1
-8.02403 17.70666 -6.09115 -1
-9.26092 3.56564 1.01146 -1
-9.42310 6.92350 0.01566 -1
11.65447 1.72396 5.82703 1
6.28211 17.22800 1.99122 -1
3.50419 15.58082 6.46951 -1
-3.14584 6.29486 -10.22405 -1
3.63057 7.99749 -4.05479 -1
7.38696 16.20784 11.37263 1
-9.22150 8.48975 1.18348 -1
5.56008 4.91953 -10.06678 1
-5.80206 20.24245 6.34116 -1
-8.72246 9.33990 2.68447 -1
3.97388 18.75014 -3.82649 -1
4.72686 18.29135 5.33677 -1
6.20758 14.85985 -0.39277 -1
4.21199 5.10017 13.17053 1
9.87172 13.60464 -6.76231 1
-2.18568 9.38222 7.82685 -1
6.31785 17.24894 1.73023 -1
2.64627 13.76577 7.01019 -1
-9.46466 17.26780 -0.50584 -1
-3.44467 13.43764 7.53263 -1
4.62634 18.30401 5.45198 -1
9.51383 7.68391 9.35593 1
-2.22813 6.09603 7.82032 -1
5.72072 2.74120 3.80398 -1
2.16285 5.69119 -4.66957 -1
-3.94080 16.57408 7.35675 -1
-8.88559 4.82109 -4.31196 -1
5.84196 15.22110 3.53276 -1
6.41343 3.11741 -9.64468 1
0.68353 0.63234 7.73571 -1
6.21754 3.50828 -0.34803 -1
10.21578 6.19197 8.44970 1
-9.36355 7.54454 -2.46252 -1
-9.27712 15.93485 -2.93920 -1
5.12002 1.71813 4.83125 -1
-3.60324 10.58052 7.48027 -1
12.37252 20.48812 3.41769 1
-8.52497 17.26838 3.11097 -1
5.63290 4.53734 3.98263 -1
-7.63955 7.92824 4.54301 -1
5.43885 17.38747 4.33701 -1
-4.45352 3.19008 -9.57520 -1
5.89564 5.59756 -9.91125 1
12.48317 14.51585 2.75517 1
-9.39665 17.08623 0.23642 -1
1.58886 18.70259 7.47768 -1
10.08663 14.56688 8.62902 1
4.23794 16.83025 -3.62344 -1
5.15858 14.60657 -2.66505 -1
-7.58532 13.14117 4.61381 -1
5.23031 11.67331 -2.56808 -1
11.75494 2.81301 -3.53303 1
5.93037 8.93651 -1.28985 -1
-8.70521 1.00532 -4.76908 -1
5.77944 19.06941 3.67659 -1
3.61559 0.09293 -4.06391 -1
7.76680 20.27500 -8.77696 1
4.02838 14.47897 -3.78666 -1
-7.02010 20.18553 -7.45523 -1
-3.33460 2.02092 -10.14394 -1
5.56118 9.79190 12.54220 1
10.39453 5.66007 -6.07131 1
7.48337 0.81932 -8.98116 1
0.40742 17.35326 -4.78009 -1
5.25664 17.57374 -2.53139 -1
-6.20968 18.33148 -8.28309 -1
11.06202 16.75979 -5.00477 1
-3.30814 15.26239 7.57487 -1
12.60285 0.21793 0.71824 1
-6.59132 19.92560 5.69686 -1
0.14959 8.03816 -4.74157 -1
-1.59610 4.30159 7.89374 -1
5.93457 2.82078 3.30086 -1
12.53330 16.08136 2.35011 1
-8.29597 14.36945 -5.61967 -1
5.16862 7.20570 4.76160 -1
2.50062 15.00510 -4.57377 -1
1.79386 10.47807 -4.74606 -1
4.06109 0.15528 -10.61049 1
4.55799 11.62204 -10.45640 1
1.55650 3.93508 7.48902 -1
6.94784 19.96079 11.69252 1
6.35974 19.97640 0.86114 -1
5.72684 16.67360 -9.99113 1
1.47153 1.24547 7.51803 -1
4.01449 18.59086 13.24805 1
2.03319 5.45588 -4.69975 -1
-6.33723 18.87497 -8.16473 -1
-9.10260 15.35261 1.63070 -1
6.06397 2.62069 -0.91760 -1
-8.23888 7.23752 -5.72372 -1
-9.24840 11.65455 -3.07299 -1
3.92206 9.31424 -10.64917 1
4.75423 6.48444 5.30451 -1
-1.00527 15.60434 7.91672 -1
-5.57925 4.51234 6.49665 -1
7.27872 1.75316 -9.12078 1
-7.34106 4.72747 -7.06906 -1
4.00893 20.29708 13.25018 1
-9.45980 19.81067 -1.57081 -1
1.89675 10.53595 -4.72763 -1
-2.97505 10.64390 -10.29287 1
-9.31114 0.10901 0.76652 -1
-8.30921 9.20446 3.52006 -1
-5.14991 16.94732 6.76786 -1
-3.38645 10.44519 -10.12118 -1
12.27831 5.73094 -1.84966 1
11.85751 1.89968 5.29589 1
-0.07699 6.52495 -10.98830 1
12.60020 9.18127 0.61680 1
1.78658 10.89366 -4.74728 -1
5.27487 18.33487 -2.50562 -1
10.42520 17.15730 -6.02736 1
-0.49831 14.40113 -10.93871 1
12.57757 3.48338 1.84282 1
3.54868 5.55184 6.43671 -1
-7.12443 6.14623 5.16174 -1
5.52232 1.41359 4.19060 -1
5.90932 14.92185 3.36659 -1
2.33526 17.11886 13.77263 1
11.12769 2.77795 -4.88496 1
-7.49116 3.32007 -6.87428 -1
5.98764 14.68294 -1.13955 -1
11.31516 19.35504 -4.52397 1
5.12393 4.63311 4.82572 -1
2.68877 20.10476 -4.50929 -1
6.12518 17.65072 2.71679 -1
6.27904 19.06975 -0.02572 -1
3.08136 11.81598 13.56837 1
3.75736 15.05782 6.27568 -1
5.35799 5.20525 -2.38421 -1
-0.95581 13.56091 7.91664 -1
1.81207 15.25872 7.39489 -1
2.15451 6.20087 13.81548 1
3.31407 1.01211 -4.23370 -1
11.00570 19.63274 7.18772 1
2.81758 0.72596 13.64569 1
4.45546 19.61498 -3.43572 -1
12.56351 2.78439 -0.03528 1
-7.91825 6.06573 -6.25976 -1
10.49667 11.89623 -5.92329 1
5.45820 10.58293 4.30380 -1
11.70265 19.31287 -3.66431 1
8.66325 8.98883 -8.03874 1
10.36321 11.47000 8.23694 1
0.38759 9.26365 -4.77764 -1
6.34521 11.64511 0.54091 -1
3.21625 5.89399 13.52662 1
-0.64118 11.65206 7.90893 -1
6.23077 13.88934 12.16031 1
0.04373 1.90669 7.84829 -1
-8.01230 7.81800 4.01182 -1
-9.06410 7.87591 1.75865 -1
-9.37454 16.04052 0.39374 -1
-7.23147 3.15251 -7.20532 -1
-6.07970 20.73189 -8.39967 -1
6.34782 9.83504 0.57937 -1
-8.79314 16.36340 2.51619 -1
4.20173 3.87237 13.17464 1
0.08600 12.16461 -4.72979 -1
6.34639 13.04573 0.55790 -1
7.63217 20.26140 -8.87556 1
3.36227 4.42197 13.47972 1
-5.67233 17.33767 6.43297 -1
-9.36442 20.12305 0.45990 -1
-4.82254 13.47417 -9.34877 -1
-8.19859 2.51435 -5.79541 -1
7.99321 7.97822 10.88389 1
3.00451 1.10390 6.80436 -1
5.85027 10.39661 12.38345 1
0.63463 20.00368 7.74628 -1
11.76482 17.86864 5.54706 1
2.39440 0.38171 7.13959 -1
3.23277 13.74551 -4.27516 -1
3.77869 17.90073 13.33606 1
-7.77180 13.23141 4.36387 -1
-6.28590 17.40646 5.96487 -1
6.35344 5.80325 0.67835 -1
-9.45389 14.48258 -0.32962 -1
-9.26207 2.21918 1.00620 -1
11.41702 12.43378 6.37346 1
11.89253 18.85514 -3.16436 1
-3.43059 2.94554 7.53711 -1
2.88699 0.12172 6.87483 -1
9.89449 14.05053 -6.73429 1
12.60502 20.04849 1.14868 1
8.92681 10.96871 -7.79139 1
3.47178 3.80977 -10.76149 1
0.88764 19.87884 7.68796 -1
3.92250 9.45461 13.28297 1
2.82075 6.45180 -10.88963 1
-5.74937 11.09029 -8.67889 -1
4.83117 9.34213 -10.36088 1
-1.49372 11.59466 -10.75432 1
2.27545 13.02505 -4.64042 -1
5.41977 17.06300 4.36934 -1
12.57787 9.22180 1.83822 1
-5.49785 13.76213 -8.87629 -1
-5.83649 3.53602 -8.60753 -1
-1.22886 1.75392 7.91320 -1
1.56740 1.99297 7.48522 -1
2.77781 19.31879 -4.47591 -1
4.74353 9.04180 -3.15402 -1
0.08546 18.84164 -11.00301 1
1.15354 3.33879 -4.81135 -1
2.51174 1.90879 7.08081 -1
-5.21811 10.76904 -9.08170 -1
12.24522 12.02537 -1.98748 1
6.66670 10.70796 11.88363 1
-5.19879 17.74808 6.73878 -1
1.34291 16.97633 -11.03526 1
9.95160 12.38430 -6.66325 1
12.59335 2.27576 0.43421 1
6.09439 0.98528 2.82478 -1
-4.53209 4.72670 7.09882 -1
1.04974 0.22349 7.64581 -1
3.67295 12.11819 -10.71374 1
9.70479 12.67380 -6.96255 1
4.93101 1.87341 -2.94695 -1
6.35999 7.52471 1.10207 -1
11.21585 13.71485 -4.71888 1
0.27547 13.88775 7.81389 -1
0.83246 4.79234 7.70145 -1
-6.55792 20.70228 -7.95010 -1
1.12648 4.82152 14.01173 1
11.76611 11.17374 -3.50442 1
-4.82109 14.65830 6.95225 -1
-9.47141 18.24069 -1.32874 -1
5.50574 10.06049 4.22035 -1
-6.33507 1.25232 5.92342 -1
5.52315 11.57203 -2.12125 -1
2.30333 4.41112 -4.63278 -1
5.86608 7.57848 12.37450 1
-8.88454 5.81448 2.28322 -1
-6.33065 7.75666 5.92717 -1
-9.38040 4.71541 -2.34975 -1
5.20601 14.21437 -2.60140 -1
-0.94452 0.27967 -10.86792 1
-3.40316 8.11940 7.54575 -1
2.63440 1.47092 -4.52876 -1
3.46335 3.86520 13.44621 1
12.13571 3.90323 4.42032 1
-5.95910 18.80402 -8.50437 -1
6.32148 19.06558 1.69840 -1
2.26228 0.88910 7.20273 -1
6.31738 8.23881 0.24654 -1
6.08490 16.07032 2.85671 -1
4.87861 17.26857 5.15278 -1
-0.61356 17.85108 7.90765 -1
2.09086 5.49133 7.28000 -1
-3.35295 2.26851 7.56130 -1
0.99094 16.59114 -11.04071 1
11.09848 17.77395 7.01592 1
-1.05851 16.17240 7.91645 -1
4.57541 20.56610 -3.32333 -1
11.02650 14.20769 7.14974 1
-0.97854 20.95839 -10.86174 1
8.44251 14.96227 -8.23463 1
6.50111 2.42015 11.99147 1
6.31500 18.50329 1.75438 -1
4.62341 17.73188 5.45527 -1
5.24805 5.93142 4.64370 -1
-5.89761 18.88098 6.27118 -1
-9.31730 14.70599 -2.73433 -1
-9.47119 5.57772 -1.33498 -1
-9.47483 3.23364 -0.77837 -1
-7.57761 3.01790 -6.75750 -1
5.74827 6.92291 -1.70284 -1
5.88854 7.32130 3.41922 -1
-1.98277 16.75389 -10.62775 1
8.09961 1.63728 -8.52011 1
5.84142 15.36329 3.53405 -1
3.15371 18.06473 6.71053 -1
3.81646 0.25309 -3.93588 -1
1.69511 12.27683 7.43927 -1
2.88193 8.68848 -4.43449 -1
3.83642 12.20562 -10.67205 1
-8.34653 8.77744 -5.52500 -1
-7.07063 16.54207 -7.39696 -1
3.22756 8.67621 6.66221 -1
3.97845 14.24279 -10.63371 1
-4.59423 1.79200 -9.49133 -1
1.02461 12.06773 -4.81426 -1
4.16621 2.69109 5.92231 -1
6.28623 14.79260 1.96470 -1
6.36071 14.46725 0.92683 -1
12.42897 10.99396 3.10640 1
-5.27923 19.26361 6.68994 -1
10.54012 8.66842 7.96927 1
3.06561 3.17588 13.57314 1
7.17170 10.53089 -9.19128 1
-3.06611 8.88376 -10.25660 1
6.32236 3.36042 1.69045 -1
4.21564 17.57570 5.87579 -1
2.74240 2.24899 -10.90238 1
10.45887 0.10900 8.09397 1
2.09084 9.61948 -10.98645 1
4.80916 0.80777 12.91430 1
-6.50974 6.95294 5.77096 -1
-1.44738 14.00394 7.90367 -1
2.35158 13.46067 -4.61915 -1
8.24450 19.41778 10.66359 1
-2.33943 7.29458 7.80211 -1
-7.77051 17.04985 4.36567 -1
-8.26498 1.56665 -5.67651 -1
10.71250 11.26145 7.69403 1
-0.53039 18.99204 -10.93425 1
-9.44236 4.79895 -0.18276 -1
5.44018 14.54589 -2.25725 -1
12.37824 20.08358 3.38805 1
0.36186 17.21510 -11.02245 1
11.35883 10.87896 6.49766 1
6.46933 20.98477 12.01178 1
4.99053 7.56609 12.82976 1
1.61632 17.33847 -11.02330 1
-3.25813 6.69415 7.58970 -1
2.94864 2.71660 -10.86761 1
-5.79117 14.82594 -8.64485 -1
2.86035 19.49681 -10.88298 1
3.69794 14.10082 -4.01293 -1
12.57225 12.28588 0.07693 1
-3.03841 17.30585 7.65076 -1
11.12857 11.69393 6.95886 1
-3.04362 12.75247 7.64939 -1
7.54232 19.42136 -8.93974 1
3.68911 14.05238 -10.70973 1
1.36597 7.35593 -11.03451 1
3.22860 3.18855 -10.81403 1
-0.04920 4.89353 -10.99099 1
-9.29210 13.64289 -2.86555 -1
6.75437 1.57845 -9.45052 1
-9.27275 0.45643 -2.96019 -1
-3.64617 16.28253 -10.00214 -1
2.71650 11.34113 -4.49909 -1
1.57413 9.73315 -4.77802 -1
12.56068 16.75296 -0.06910 1
-9.40879 17.30047 -2.13448 -1
-1.33601 10.96792 7.90928 -1
-0.33817 9.19927 -10.95951 1
3.03947 18.87408 -10.85103 1
-7.03504 20.46854 5.25815 -1
9.17581 18.82189 -7.54314 1
5.28312 2.18834 -2.49386 -1
5.41270 11.10105 12.62025 1
5.33874 19.77947 -2.41293 -1
8.16364 3.84220 -8.46846 1
12.53869 19.86334 -0.30168 1
-9.20633 4.18125 1.24595 -1
-4.96670 1.52260 6.87299 -1
0.15600 4.87205 7.83251 -1
6.29564 14.42964 0.08172 -1
-3.05724 18.83164 -10.26018 1
-8.14982 13.00530 -5.88040 -1
-0.68185 6.25941 -10.91189 1
0.64440 5.00171 -11.03510 1
-8.38033 1.47545 -5.46033 -1
6.00755 15.95880 3.09797 -1
4.06699 2.72277 -3.75780 -1
-5.37159 15.87002 -8.97078 -1
1.33809 14.93030 -11.03541 1
5.66025 15.60468 -1.87623 -1
6.09279 3.21104 2.83019 -1
4.33176 15.13924 5.76295 -1
1.57734 2.29055 -4.77763 -1
11.49095 20.17109 -4.15578 1
6.31736 19.53544 1.73446 -1
-2.53986 1.57890 7.76528 -1
-4.35875 13.35839 -9.63004 -1
-7.09790 20.92495 -7.36512 -1
5.05975 8.54361 -2.79200 -1
6.60294 19.50083 11.92556 1
3.25808 10.02736 -4.26244 -1
4.37495 11.48665 5.71965 -1
10.68330 9.34407 7.74173 1
-6.50263 9.66271 -8.00508 -1
4.03504 10.53515 13.24014 1
-4.16330 11.80440 7.26607 -1
-4.53341 1.53218 7.09818 -1
11.47141 1.65800 -4.19833 1
-6.24932 1.34942 5.99530 -1
3.69375 2.14249 -10.70858 1
0.09116 20.55317 -4.73078 -1
-7.13873 15.35639 -7.31698 -1
11.88408 14.33447 5.22082 1
-6.70282 8.95030 -7.80192 -1
-7.87555 11.09825 -6.32579 -1
1.04399 20.89393 -4.81404 -1
6.28764 5.84419 0.02844 -1
-8.60152 20.47045 -5.00517 -1
0.33977 11.14499 7.80307 -1
6.16329 6.12812 -0.57541 -1
4.73794 7.22787 5.32376 -1
4.47084 16.61097 5.62080 -1
-0.63019 14.47340 -10.91976 1
-0.43495 15.44755 -10.94723 1
-1.06998 20.61900 -10.84457 1
4.70446 1.57984 5.36288 -1
-1.53826 5.78733 7.89793 -1
-4.94225 4.65459 6.88655 -1
1.19857 17.98096 14.00056 1
10.29151 0.76875 -6.21594 1
5.38864 5.37403 4.42125 -1
5.92738 8.16149 12.33956 1
4.31020 9.72070 5.78429 -1
6.08688 6.92467 2.85011 -1
1.13480 6.88777 -11.03984 1
12.28912 20.40624 -1.80308 1
2.40452 6.55195 13.75553 1
12.51735 3.42312 -0.49255 1
4.46561 9.31680 -3.42646 -1
2.76706 14.81043 -4.48004 -1
-9.20643 15.62651 -3.25380 -1
-9.09445 3.27391 1.65835 -1
12.59809 4.98681 0.55254 1
10.23767 14.38698 8.41867 1
-8.03861 15.35868 -6.06731 -1
-4.68355 20.63032 7.02376 -1
-9.08912 17.83559 -3.69294 -1
2.92657 5.15052 -10.87151 1
10.39024 11.04841 8.19694 1
-3.99158 10.61749 7.33671 -1
1.30765 16.64730 -4.80337 -1
-9.47594 10.56250 -0.83463 -1
0.80535 5.72499 -11.03906 1
3.19904 1.32888 -10.82004 1
5.96766 19.78392 3.21138 -1
4.39391 2.30888 5.70040 -1
-6.54990 14.98743 -7.95813 -1
-5.06876 1.67232 6.81518 -1
8.70372 14.80482 10.23086 1
-2.47930 3.66150 -10.47369 1
4.95686 18.89908 5.05271 -1
1.49362 1.90283 -4.78722 -1
1.71839 9.71848 -4.75817 -1
5.30477 19.66761 4.55620 -1
12.56834 8.09437 0.02506 1
-3.42921 8.20452 -10.10216 -1
1.96622 7.80392 -4.71393 -1
-9.24169 7.18186 1.09725 -1
-9.46933 1.36578 -0.60632 -1
-8.38361 20.47121 3.38466 -1
1.15365 11.32827 -4.81135 -1
0.19833 3.73923 -11.01180 1
10.81860 9.71749 7.51676 1
2.47393 6.07789 -4.58226 -1
-5.62576 0.36220 6.46506 -1
12.07815 0.93025 -2.59833 1
5.41523 16.34180 12.61894 1
9.85173 11.71540 -6.78676 1
5.06505 19.67162 4.90792 -1
-5.86997 16.11259 -8.57968 -1
-3.51587 18.56625 -10.06292 -1
5.11031 19.29494 -2.72798 -1
-0.84499 17.56651 7.91536 -1
-3.13139 0.82507 -10.23000 -1
5.66476 11.98841 -1.86769 -1
0.41937 10.54119 7.78891 -1
6.28368 6.88118 0.00312 -1
5.91516 10.51173 -9.90180 1
0.00295 15.57707 -4.71301 -1
-5.90131 12.15049 6.26843 -1
12.30226 7.60077 -1.74527 1
-1.77009 19.42808 -10.68580 1
7.28017 15.94245 11.45292 1
6.10164 2.07922 -0.79640 -1
12.10668 6.06165 -2.50225 1
2.71858 8.63568 6.97077 -1
3.12102 8.25979 13.55625 1
5.49613 7.24824 -2.16646 -1
5.46212 2.33510 -10.10973 1
-5.99011 10.98385 -8.47776 -1
-0.19108 15.33553 -10.97651 1
3.53146 5.08404 6.44947 -1
11.37837 5.34912 6.45634 1
5.01272 9.48579 -2.84991 -1
-9.21912 6.20239 1.19344 -1
-8.69033 3.80619 2.75797 -1
12.54845 14.04850 2.20083 1
10.32101 16.73072 -6.17499 1
-7.56335 10.02638 -6.77700 -1
5.01506 6.23346 -2.84706 -1
0.03314 16.68490 -4.71929 -1
3.51335 1.30490 6.46280 -1
6.35758 8.11498 0.77945 -1
12.46242 10.22698 -0.89608 1
4.35093 12.31410 13.11388 1
-9.29544 20.93377 0.84680 -1
6.80025 19.64149 -9.42321 1
6.07156 6.42363 -0.89390 -1
-9.32731 14.72339 0.67964 -1
5.35352 17.30539 -2.39091 -1
-6.64332 12.65096 5.64862 -1
10.87256 3.55865 7.42410 1
2.54963 10.85341 -4.55775 -1
3.26550 0.54977 13.51100 1
5.13037 8.57017 -2.70205 -1
6.13477 8.88153 12.21818 1
-4.17471 3.34931 -9.73283 -1
-3.86848 3.32052 -9.89341 -1
12.14807 9.09705 4.37569 1
4.88649 13.50929 5.14286 -1
-9.47342 12.29739 -0.72382 -1
-4.56318 3.19085 7.08372 -1
-9.18368 5.94331 1.33586 -1
10.84156 3.46586 -5.38518 1
12.43964 9.37316 -1.03950 1
5.27358 8.22974 -2.50745 -1
-5.56562 2.32590 -8.82433 -1
6.35626 8.74320 0.74269 -1
1.18917 15.30648 14.00203 1
-9.16707 5.27387 -3.41058 -1
2.04625 12.15390 -4.69687 -1
-3.86348 9.07955 -9.89592 -1
10.72676 11.21101 -5.57138 1
-3.80462 13.46357 -9.92531 -1
5.33944 2.78657 -10.16199 1
-0.96256 2.58404 -10.86465 1
1.86843 6.89274 13.87813 1
9.35773 10.81527 -7.35208 1
-3.15141 19.93892 -10.22175 -1
1.93364 0.87884 -11.00092 1
0.37110 6.92180 -4.77554 -1
-1.56329 20.18375 -10.73780 1
3.13226 12.16524 -4.32401 -1
12.53591 1.06919 2.32556 1
5.67110 3.37029 -1.85560 -1
8.44287 14.01897 10.48165 1
8.71498 12.31586 -7.99138 1
-7.64252 19.29435 4.53909 -1
11.94513 4.91719 -3.01307 1
2.40569 5.27646 13.75524 1
-4.85591 7.99828 -9.32724 -1
-9.11362 4.76636 -3.60769 -1
-5.70180 13.40311 -8.71719 -1
-0.95473 15.78829 7.91664 -1
-8.57910 8.51970 2.99971 -1
5.85199 17.14889 3.50880 -1
-4.23261 12.35523 7.23627 -1
2.38135 17.06273 -4.61048 -1
12.54810 16.45067 -0.20769 1
5.95777 18.64656 3.23854 -1
8.35931 19.18443 10.55918 1
6.11815 15.18029 -9.80075 1
-4.04102 4.39541 7.31683 -1
1.26188 11.02134 -4.80625 -1
-7.16001 2.39519 -7.29164 -1
3.44750 14.18717 -4.16174 -1
6.32870 14.64455 1.63029 -1
7.83127 2.43712 -8.72868 1
-9.46900 5.87272 -1.39121 -1
-9.21578 20.35160 1.20727 -1
4.52891 10.25470 -3.36769 -1
-1.18718 0.28041 7.91433 -1
2.69433 14.31013 13.67989 1
2.10778 0.64263 -4.68283 -1
-4.14066 11.67493 7.27564 -1
-7.18805 3.32104 5.09133 -1
8.71955 10.03460 10.21520 1
12.24942 16.73077 3.98315 1
9.64208 8.13631 -7.03553 1
0.22839 10.11471 7.82146 -1
-7.08719 1.05680 5.20225 -1
2.03751 16.41837 7.30300 -1
1.08842 20.86899 14.01748 1
6.14079 14.47080 -9.78917 1
1.04154 7.37488 -4.81408 -1
4.61903 5.59285 5.46017 -1
0.14226 14.46659 -4.74026 -1
-9.26148 2.45330 -3.01322 -1
10.57639 9.70511 -5.80437 1
3.97423 5.71565 -3.82624 -1
3.56728 9.56610 6.42284 -1
6.07785 8.58316 -0.87399 -1
6.30062 18.45723 0.11668 -1
-2.42717 9.23446 7.78663 -1
11.60763 12.03490 5.94042 1
-4.26624 0.60564 7.22155 -1
4.14776 1.47561 -10.58540 1
10.28311 6.16942 8.35364 1
3.94119 11.97924 6.12340 -1
12.60523 16.37370 0.86383 1
3.34552 7.60002 13.48519 1
-4.33641 8.30657 7.19025 -1
-9.20136 6.20007 1.26600 -1
-6.12276 0.13375 6.09801 -1
-5.38963 15.55494 6.62088 -1
0.41996 19.22281 14.10114 1
8.79481 5.09635 -7.91717 1
7.02024 1.18908 11.64162 1
3.43755 10.01977 6.51768 -1
-8.27563 3.49681 -5.65708 -1
1.32067 9.33325 -4.80247 -1
-1.41337 17.98112 7.90555 -1
-9.44059 11.76160 -0.16247 -1
11.78050 16.56133 5.50567 1
0.47856 1.06361 -4.78815 -1
-1.93123 20.72518 7.86113 -1
-9.35547 1.76682 0.51595 -1
-3.35324 18.05101 7.56120 -1
6.13303 9.14915 -0.68791 -1
-9.26765 1.82091 -2.98439 -1
5.13091 19.57332 4.81580 -1
-4.98858 2.16825 6.86075 -1
4.07321 12.55411 -3.75310 -1
5.88118 3.85877 3.43756 -1
11.23309 6.82577 6.75513 1
5.78414 15.27323 -1.62787 -1
5.77514 12.26053 3.68617 -1
10.26389 17.78855 8.38124 1
4.48487 18.37866 5.60601 -1
2.66148 12.36346 -4.51915 -1
-0.32421 8.69816 7.88840 -1
6.25467 0.84081 -0.16479 -1
4.09611 2.25431 -10.60044 1
4.06911 15.86216 -3.75620 -1
4.96973 1.96985 5.03589 -1
-4.35403 19.24657 -9.63274 -1
4.08932 3.56830 -3.74086 -1
4.00173 4.27695 -3.80626 -1
-5.83245 12.60838 6.31913 -1
12.35486 5.71749 3.50694 1
6.01938 11.17735 3.06304 -1
-0.17505 16.15482 7.87426 -1
-8.38414 3.44028 -5.45296 -1
1.27271 18.46859 -4.80561 -1
11.62184 6.77747 5.90634 1
-5.19809 10.56221 -9.09586 -1
2.77213 20.45061 -4.47810 -1
-6.76746 13.80876 5.53019 -1
4.79753 19.91540 -3.09647 -1
0.37243 5.42068 -11.02306 1
0.68067 16.48877 -4.80514 -1
6.00066 15.45835 -1.10363 -1
-8.25403 10.35472 -5.69638 -1
12.34699 4.02375 -1.53815 1
-8.17647 18.36510 -5.83421 -1
11.70557 20.51710 5.69975 1
-0.94631 18.11109 -10.86760 1
-4.78709 3.88659 6.97023 -1
2.27449 19.30301 7.19703 -1
1.13078 9.01104 -4.81211 -1
-7.37269 14.00816 4.87791 -1
12.09234 14.81625 -2.55090 1
0.91177 16.55832 14.04276 1
2.37943 4.92421 -10.95402 1
-0.47120 6.03052 -10.94240 1
6.26105 5.55336 -0.13017 -1
5.93146 1.36558 -1.28710 -1
0.89471 15.56211 -11.04024 1
5.50009 15.92074 -10.09321 1
-3.73862 1.47240 -9.95771 -1
-0.49699 2.16970 7.90118 -1
-0.99808 18.55395 7.91673 -1
6.30259 6.35624 1.85148 -1
10.00750 14.85705 8.73586 1
11.17206 3.34992 -4.80215 1
-5.57461 14.59945 6.49978 -1
2.87732 12.96470 13.62868 1
11.42844 4.42093 6.34866 1
2.61875 12.17212 -4.53424 -1
2.77904 11.73515 -4.47544 -1
9.39586 19.88660 9.49345 1
-8.13290 7.06167 -5.90945 -1
-4.37832 13.63969 7.17119 -1
3.11890 5.22636 -10.83590 1
0.01787 9.83368 -10.99718 1
12.58322 10.93999 0.24115 1
2.56204 20.26100 7.05481 -1
-3.28218 7.54927 7.58261 -1
-8.85901 1.13258 -4.38372 -1
12.31020 14.91753 3.71928 1
11.59021 1.52704 5.98183 1
4.74096 2.56349 -10.39329 1
5.72485 14.90368 3.79523 -1
-3.58456 17.85081 -10.03115 -1
2.54275 11.73082 -4.56003 -1
-1.69779 8.43434 7.88535 -1
-7.08781 18.09121 5.20159 -1
1.97044 0.72922 7.33123 -1
-3.63177 6.11358 7.47047 -1
12.53711 16.27043 -0.31678 1
8.47156 3.78050 10.45472 1
6.35249 7.92691 1.31766 -1
5.73304 16.31190 3.77782 -1
6.34541 3.24245 1.43418 -1
1.45004 7.97837 7.52519 -1
5.29925 14.84686 -2.47070 -1
-7.43157 15.09739 -6.95278 -1
8.37831 7.55102 -8.28978 1
5.56704 10.62598 -2.04577 -1
5.86969 20.71901 -1.43714 -1
-9.24836 13.85866 -3.07316 -1
6.27572 19.19495 2.03097 -1
5.27206 7.68599 -2.50962 -1
-5.25976 11.76106 -9.05202 -1
5.25293 18.42453 -2.53660 -1
6.34112 13.00722 0.48649 -1
-7.40330 5.78206 4.84115 -1
-1.12273 20.83210 -10.83430 1
2.09085 8.20841 -4.68678 -1
-7.21371 11.18293 5.06249 -1
8.81188 1.25852 10.12281 1
3.60173 1.34810 6.39691 -1
-3.82334 4.68112 7.40163 -1
-9.21543 18.68756 -3.21632 -1
9.33469 16.40406 9.56328 1
12.36199 14.45858 -1.46459 1
12.51340 0.86079 -0.52522 1
6.02117 2.32679 3.05769 -1
-9.15369 2.78419 1.44945 -1
11.63634 19.99443 -3.82477 1
4.60440 4.70174 5.47648 -1
-8.99828 2.95934 1.96325 -1
-9.47493 19.64318 -0.78280 -1
3.41202 3.01677 13.46334 1
-6.45558 0.45374 5.81912 -1
6.85262 19.55433 -9.39168 1
0.10325 12.31915 7.84013 -1
6.56271 4.08719 -9.56156 1
4.08486 14.73264 -3.74426 -1
-8.22765 2.13428 -5.74385 -1
1.43946 10.75645 -11.03181 1
4.48853 7.48798 13.05602 1
6.30852 18.86233 1.80649 -1
9.06277 5.13685 9.86232 1
5.68137 2.73188 -10.01207 1
-3.01809 7.12818 7.65608 -1
7.11321 0.59868 11.57520 1
1.90125 6.39289 7.35956 -1
6.30242 13.20756 1.85273 -1
5.66146 6.81035 3.92597 -1
-4.90163 4.88374 -9.29745 -1
11.77565 2.82635 -3.47978 1
10.26519 12.17083 8.37938 1
0.20512 9.57114 -11.01229 1
8.97578 14.99297 9.95423 1
-0.50387 17.15172 7.90161 -1
12.60107 18.83578 0.64695 1
0.99636 3.61919 7.66011 -1
-9.47567 2.16715 -1.17017 -1
-8.81945 10.32609 2.45104 -1
-6.86903 13.03341 5.42972 -1
5.84495 0.78307 -1.49418 -1
6.35104 6.90310 1.34467 -1
1.46997 16.18786 -4.78967 -1
9.13202 8.24868 -7.58788 1
6.28527 10.30406 0.01317 -1
0.72006 2.46408 -4.80744 -1
-4.31408 17.85709 -9.65544 -1
3.42384 10.90191 -4.17486 -1
5.57027 20.15575 4.10252 -1
6.43512 2.20796 -9.63278 1
1.27754 3.30292 -11.03712 1
-3.20029 18.01221 7.60641 -1
12.09315 14.84278 -2.54818 1
-6.29025 16.85229 5.96123 -1
12.44310 8.82651 -1.01843 1
-9.46935 5.93731 -1.38275 -1
5.90578 7.35476 -1.35089 -1
4.77538 6.23248 5.27931 -1
1.28224 15.90208 -4.80502 -1
9.97406 10.84911 8.78034 1
11.65445 3.31482 -3.78158 1
10.18552 5.19855 -6.36016 1
5.66695 9.62623 3.91492 -1
4.40618 14.05893 5.68788 -1
12.58868 0.98194 0.33797 1
4.44822 16.62967 5.64447 -1
-2.06472 6.10421 -10.60413 1
1.96967 2.25814 -4.71322 -1
3.89153 10.93895 -3.88475 -1
0.99283 18.23480 7.66104 -1
-2.65122 5.64814 -10.41411 1
-7.25790 2.23460 -7.17289 -1
-2.86377 6.44942 7.69464 -1
-9.20368 11.31499 1.25667 -1
4.35754 9.05594 -3.52267 -1
-2.64371 16.20803 -10.41678 1
0.45457 17.20728 -4.78555 -1
11.45583 13.09531 -4.23194 1
-1.41348 20.61728 -10.77278 1
4.44727 2.01549 -3.44315 -1
-6.12404 2.80235 6.09699 -1
4.17348 6.44494 5.91552 -1
6.05820 7.18723 -0.93541 -1
-5.75643 5.94889 -8.67316 -1
2.03665 13.80735 -4.69899 -1
12.60158 17.00786 1.32827 1
-3.12220 2.23197 -10.23378 -1
8.78755 6.56796 10.14732 1
8.32445 3.74005 -8.33543 1
12.41339 1.71275 3.19686 1
-4.75988 12.50508 -9.38871 -1
-2.99886 1.10175 7.66106 -1
4.12493 3.84827 -3.71349 -1
-6.38824 9.45384 5.87788 -1
5.65641 19.80597 3.93608 -1
2.08021 2.85357 13.83236 1
-3.34998 2.67082 -10.13723 -1
4.56169 0.53082 5.52350 -1
3.65916 16.96652 13.37882 1
9.74943 19.45802 9.06947 1
6.26811 17.26340 2.07639 -1
6.35835 19.39552 0.80436 -1
2.18888 16.13409 7.23645 -1
4.34197 13.39084 -3.53613 -1
3.90134 13.15621 13.29089 1
0.75076 18.74670 -4.80900 -1
-7.27579 5.03290 -7.15079 -1
-2.29471 20.10824 -10.53405 1
0.92927 10.18379 7.67750 -1
4.92887 18.98570 5.08893 -1
-0.03556 16.83891 7.85843 -1
