param N := 3;
param M := 1000;

param nu := 1;

param X : 1 2 3 :=
1 2.16285 5.69119 -4.66957
2 5.82038 7.75293 -1.54926
3 2.80115 10.87929 6.92446
4 6.07442 5.49982 -0.88486
5 6.35854 11.92803 1.16549
6 12.37824 20.08358 3.38805
7 -4.45352 3.19008 -9.5752
8 4.19309 15.63244 5.89712
9 -9.32957 3.92394 0.66716
10 4.15721 8.49094 -3.68826
11 6.06397 2.62069 -0.9176
12 0.92163 15.68992 -11.04046
13 6.11815 15.18029 -9.80075
14 -9.28293 5.02375 0.9082
15 6.86517 20.34056 -9.38407
16 -1.78076 9.99876 -10.683
17 11.70265 19.31287 -3.66431
18 3.75736 15.05782 6.27568
19 2.69166 16.46968 -10.91033
20 10.06946 16.29461 8.6524
21 -5.21811 10.76904 -9.0817
22 2.92578 9.80131 -10.87165
23 0.89471 15.56211 -11.04024
24 11.7805 16.56133 5.50567
25 2.35158 13.46067 -4.61915
26 -9.45877 8.43902 -0.4029
27 10.12723 3.20983 8.57333
28 10.89278 7.42844 7.38894
29 1.57438 9.25988 7.48277
30 2.6834 17.33251 -10.9116
31 6.26811 17.2634 2.07639
32 4.2113 14.39621 5.87991
33 6.08734 2.63965 2.84856
34 5.86608 7.57848 12.3745
35 -3.69367 14.66792 -9.97945
36 4.52891 10.2547 -3.36769
37 8.43424 2.10171 -8.24178
38 -1.98277 16.75389 -10.62775
39 -6.95255 13.56896 -7.53177
40 6.36465 6.65651 -9.67122
41 -8.55489 19.06885 -5.10618
42 1.45004 7.97837 7.52519
43 -1.10756 9.71576 -10.83728
44 -9.01388 12.48859 -3.93835
45 -6.74644 13.87261 -7.75612
46 -5.81236 19.48434 -8.62745
47 6.35821 15.52408 1.17702
48 6.36048 0.37435 0.90685
49 10.23767 14.38698 8.41867
50 12.35486 5.71749 3.50694
51 6.34879 1.69318 0.59469
52 1.86273 8.19954 -4.73397
53 0.0472 8.81943 -10.99976
54 6.0445 20.83271 -0.97696
55 11.65447 1.72396 5.82703
56 -6.44314 8.91734 5.83007
57 2.44793 9.04592 -4.59038
58 6.23413 11.89985 2.25915
59 4.37495 11.48665 5.71965
60 6.29564 14.42964 0.08172
61 -1.17694 10.29866 -10.82346
62 8.5477 18.44617 10.38248
63 -8.88454 5.81448 2.28322
64 3.77869 17.90073 13.33606
65 -4.19928 16.12631 7.25069
66 -6.50263 9.66271 -8.00508
67 5.55928 13.95562 4.12299
68 6.28623 14.7926 1.9647
69 5.50574 10.06049 4.22035
70 -9.45687 5.78799 -0.3734
71 0.91177 16.55832 14.04276
72 -5.50785 19.15278 -8.86868
73 12.35148 7.35912 3.52369
74 -7.8735 13.98374 4.2194
75 -9.27324 5.80068 0.9544
76 5.64311 5.95614 12.49812
77 -2.86864 2.62246 7.69347
78 -4.14066 11.67493 7.27564
79 -9.32201 18.03904 0.70862
80 -7.08719 1.0568 5.20225
81 -3.9408 16.57408 7.35675
82 2.26228 0.8891 7.20273
83 3.25901 11.9352 6.64124
84 -9.4712 10.92075 -1.33454
85 2.95289 17.28947 -4.40475
86 7.35243 11.69596 11.39877
87 -9.20633 4.18125 1.24595
88 4.45003 18.04128 -3.44065
89 5.89564 5.59756 -9.91125
90 -5.47982 9.2387 6.56269
91 0.92239 15.45057 -4.81413
92 1.81124 8.08929 -11.01063
93 -3.99158 10.61749 7.33671
94 11.18333 12.70557 6.85321
95 2.87732 12.9647 13.62868
96 8.5182 11.81688 -8.16857
97 2.94289 3.81116 6.84168
98 12.51306 18.57033 2.52671
99 4.88649 13.50929 5.14286
100 0.97124 14.86937 -11.04068
101 -2.63552 19.20204 7.74585
102 5.91516 10.51173 -9.9018
103 -6.12276 0.13375 6.09801
104 3.90645 6.72825 -3.87436
105 0.18876 7.80664 -4.74837
106 3.34931 7.18051 -4.21517
107 6.24872 3.82392 -0.19619
108 12.27831 5.73094 -1.84966
109 3.69794 14.10082 -4.01293
110 5.2573 17.58028 -2.53046
111 0.36186 17.2151 -11.02245
112 -7.62494 11.59824 4.56223
113 2.3944 0.38171 7.13959
114 4.97353 10.89032 -2.89699
115 3.53837 16.19427 13.42078
116 5.24648 1.89581 12.7049
117 6.36017 0.29584 1.09097
118 -7.7718 13.23141 4.36387
119 0.32455 20.94681 7.80568
120 11.23309 6.82577 6.75513
121 4.75423 6.48444 5.30451
122 5.49613 7.24824 -2.16646
123 1.95732 15.28375 -10.99889
124 4.42069 6.87787 5.67298
125 6.28764 5.84419 0.02844
126 11.8329 2.08727 5.36416
127 -9.20136 6.20007 1.266
128 -8.23888 7.23752 -5.72372
129 8.09961 1.63728 -8.52011
130 6.35974 19.9764 0.86114
131 4.36785 9.54504 5.72682
132 3.91266 8.59477 13.28665
133 2.03751 16.41837 7.303
134 10.28311 6.16942 8.35364
135 -4.53341 1.53218 7.09818
136 10.4252 17.1573 -6.02736
137 -1.96307 11.96692 -10.63333
138 5.15858 14.60657 -2.66505
139 -4.7297 3.4419 7.00012
140 -5.70427 2.05528 -8.71521
141 12.38684 16.8346 3.34273
142 -1.1621 17.92058 7.91491
143 -9.29763 1.75583 -2.83756
144 5.75511 12.85627 12.43671
145 -6.86903 13.03341 5.42972
146 0.3711 6.9218 -4.77554
147 5.46212 2.3351 -10.10973
148 6.28168 11.98575 12.12919
149 2.10778 0.64263 -4.68283
150 -1.33751 0.83786 7.90921
151 -3.82107 6.34225 7.40247
152 8.90715 19.41264 -7.81037
153 8.89517 7.68851 -7.8219
154 -7.12443 6.14623 5.16174
155 5.79173 1.44349 -1.61164
156 4.68241 1.83872 -3.21726
157 -9.44587 2.6586 -0.22445
158 -0.80889 19.90526 7.9146
159 -5.19879 17.74808 6.73878
160 7.00396 20.62612 11.65313
161 11.53441 18.0653 -4.05958
162 0.50926 14.1795 -11.02996
163 2.71858 8.63568 6.97077
164 6.24704 3.79503 -0.20488
165 12.49352 4.44208 2.67957
166 -9.4663 8.71223 -0.53845
167 2.54275 11.73082 -4.56003
168 -9.40499 9.21614 0.17141
169 6.02306 7.15802 3.05203
170 -5.40216 0.71113 6.61289
171 10.86622 3.17762 -5.34417
172 8.17845 8.10787 -8.45641
173 10.0075 14.85705 8.73586
174 6.56271 4.08719 -9.56156
175 12.09805 12.59681 -2.53162
176 6.1979 2.22929 -0.43488
177 0.97206 15.0298 -11.04068
178 -7.65888 17.23843 4.51741
179 -4.55379 6.1954 -9.51574
180 -3.14584 6.29486 -10.22405
181 0.35496 18.63169 -11.02205
182 12.37252 20.48812 3.41769
183 12.518 18.46996 2.48558
184 -7.98601 11.7364 -6.15262
185 5.3686 0.14167 -2.36821
186 0.80535 5.72499 -11.03906
187 0.83246 4.79234 7.70145
188 -9.26478 19.24058 0.99378
189 6.08704 3.00139 2.84958
190 -3.68795 6.44246 -9.9822
191 -1.5961 4.30159 7.89374
192 1.26188 11.02134 -4.80625
193 12.09315 14.84278 -2.54818
194 5.24805 5.93142 4.6437
195 6.32356 10.90517 0.30076
196 -4.4787 7.40536 -9.56041
197 9.06277 5.13685 9.86232
198 1.47153 1.24547 7.51803
199 10.90635 10.55664 -5.27665
200 5.13091 19.57332 4.8158
201 12.42309 0.70357 3.14102
202 -0.86193 18.99779 7.91565
203 -7.27579 5.0329 -7.15079
204 5.56008 4.91953 -10.06678
205 11.70967 17.44422 -3.64695
206 12.55294 19.94834 -0.15632
207 0.16893 16.46734 -4.74497
208 4.02838 14.47897 -3.78666
209 -7.95757 3.43214 4.09518
210 6.43512 2.20796 -9.63278
211 4.88133 15.38321 5.14936
212 8.45237 10.3041 10.47275
213 -8.55208 7.45846 3.05574
214 -1.66684 17.71281 7.88804
215 1.13078 9.01104 -4.81211
216 6.3545 15.85977 1.27613
217 5.77944 19.06941 3.67659
218 4.14776 1.47561 -10.5854
219 5.86969 20.71901 -1.43714
220 12.54845 14.0485 2.20083
221 -9.08912 17.83559 -3.69294
222 2.03665 13.80735 -4.69899
223 -8.88559 4.82109 -4.31196
224 -6.58703 4.92197 5.7008
225 2.38135 17.06273 -4.61048
226 -6.98166 2.78759 5.31434
227 6.315 18.50329 1.75438
228 9.39586 19.8866 9.49345
229 -2.55137 3.94228 7.763
230 8.70372 14.80482 10.23086
231 3.33543 10.15578 6.58931
232 -9.32438 15.05625 0.69573
233 6.50111 2.42015 11.99147
234 6.27083 6.16002 -0.07472
235 3.65948 11.27843 -4.037
236 1.01122 0.01013 -4.81437
237 3.89153 10.93895 -3.88475
238 0.40742 17.35326 -4.78009
239 -4.851 17.11262 -9.33042
240 -0.19108 15.33553 -10.97651
241 -5.27923 19.26361 6.68994
242 7.34974 14.91803 11.4008
243 -7.49116 3.32007 -6.87428
244 3.4362 12.79839 -4.16803
245 6.32758 13.82882 1.64131
246 6.31785 17.24894 1.73023
247 12.40898 12.78813 -1.21753
248 -5.7018 13.40311 -8.71719
249 -8.35847 5.6495 3.43103
250 3.67295 12.11819 -10.71374
251 12.38825 14.1252 -1.32992
252 12.42292 13.23322 -1.13851
253 9.17581 18.82189 -7.54314
254 -1.76458 8.11565 -10.68724
255 -4.31408 17.85709 -9.65544
256 8.07194 3.8686 -8.5422
257 -7.21371 11.18293 5.06249
258 3.2655 0.54977 13.511
259 5.4637 4.78876 4.29429
260 6.34634 13.19151 1.4207
261 11.47141 1.658 -4.19833
262 3.90893 13.87161 -3.87263
263 5.90932 14.92185 3.36659
264 -1.90503 15.93798 7.8642
265 -8.27563 3.49681 -5.65708
266 7.13886 7.73819 -9.21258
267 8.81994 5.82295 10.11465
268 -9.38493 1.56243 0.32218
269 10.32021 15.56358 -6.1761
270 -0.68185 6.25941 -10.91189
271 -3.15141 19.93892 -10.22175
272 3.71888 13.93377 6.30629
273 1.38272 6.88771 -11.03394
274 12.53035 18.34091 -0.37949
275 2.47393 6.07789 -4.58226
276 0.08311 4.10946 -4.72923
277 1.02227 20.96677 -4.81428
278 -9.47153 6.91638 -1.32535
279 12.60553 6.24762 0.89592
280 11.19895 0.32427 6.82265
281 -3.35295 2.26851 7.5613
282 -1.93055 9.47964 7.86121
283 8.44287 14.01897 10.48165
284 -7.65439 17.25338 4.52337
285 5.80077 11.74497 3.62855
286 9.13211 0.47073 -7.58778
287 -8.63082 13.07735 -4.94012
288 12.59335 2.27576 0.43421
289 10.87256 3.55865 7.4241
290 6.20875 10.24996 -0.38759
291 6.04198 19.8762 2.99444
292 5.68137 2.73188 -10.01207
293 -4.85591 7.99828 -9.32724
294 9.97406 10.84911 8.78034
295 12.21865 15.78523 -2.09342
296 6.31028 7.52474 1.79272
297 6.09279 3.21104 2.83019
298 12.56112 15.99153 -0.06396
299 -9.41857 2.47372 0.05682
300 0.35747 16.68548 14.1073
301 4.74353 9.0418 -3.15402
302 12.34416 15.43063 3.5595
303 4.82853 12.48172 -3.06268
304 12.60107 18.83578 0.64695
305 1.25369 18.18184 -4.80672
306 8.93453 2.81426 9.99722
307 -9.40879 17.30047 -2.13448
308 2.76706 14.81043 -4.48004
309 -6.61814 17.80458 5.67208
310 5.66988 19.74423 -1.85793
311 6.01729 3.89341 3.06926
312 1.22811 3.2836 7.59502
313 -1.92766 0.92097 -10.64325
314 -8.70521 1.00532 -4.76908
315 5.4127 11.10105 12.62025
316 -8.33841 17.72756 3.46758
317 0.72006 2.46408 -4.80744
318 3.95 7.87995 6.11584
319 2.69433 14.31013 13.67989
320 -4.86448 9.76326 6.92902
321 -3.3346 2.02092 -10.14394
322 0.67932 11.86999 -11.03616
323 5.73304 16.3119 3.77782
324 0.79643 4.85959 7.71002
325 2.77904 11.73515 -4.47544
326 5.84923 4.70672 -9.93355
327 -9.24836 13.85866 -3.07316
328 3.19904 1.32888 -10.82004
329 10.04416 19.22106 -6.54571
330 -9.24169 7.18186 1.09725
331 -5.99011 10.98385 -8.47776
332 -5.90131 12.15049 6.26843
333 -6.52348 9.48406 5.75861
334 4.09611 2.25431 -10.60044
335 6.25467 0.84081 -0.16479
336 2.33526 17.11886 13.77263
337 0.6444 5.00171 -11.0351
338 6.32565 6.03154 0.32008
339 3.54868 5.55184 6.43671
340 -5.98803 8.88605 -8.47955
341 -1.43183 11.82358 -10.76861
342 1.28224 15.90208 -4.80502
343 2.00168 19.48165 7.31818
344 6.22908 13.39127 2.28407
345 6.35835 19.39552 0.80436
346 -4.39992 2.21027 -9.60638
347 6.21125 5.37973 -0.37648
348 6.94784 19.96079 11.69252
349 11.17206 3.34992 -4.80215
350 -3.5897 3.16787 7.48488
351 2.08021 2.85357 13.83236
352 11.49095 20.17109 -4.15578
353 5.51788 2.36618 4.1986
354 3.46242 13.95943 -4.15339
355 5.56704 10.62598 -2.04577
356 2.0499 11.10945 7.2977
357 11.41702 12.43378 6.37346
358 3.69375 2.14249 -10.70858
359 -3.60324 10.58052 7.48027
360 2.26318 10.60768 7.20231
361 3.25808 10.02736 -4.26244
362 -0.94047 17.39982 -10.86864
363 11.94513 4.91719 -3.01307
364 4.782 8.2984 -3.11319
365 -8.76463 0.35511 2.58522
366 -6.55351 13.23419 5.73144
367 2.92657 5.15052 -10.87151
368 10.72201 0.33641 -5.57892
369 0.54032 15.63916 -4.79427
370 -6.10893 7.9311 -8.3738
371 3.30433 11.35452 -4.23876
372 3.47178 3.80977 -10.76149
373 -1.18718 0.28041 7.91433
374 8.48206 15.12753 10.44483
375 6.00859 8.80442 -9.85591
376 -5.74937 11.09029 -8.67889
377 4.03504 10.53515 13.24014
378 -7.2579 2.2346 -7.17289
379 10.31554 18.90507 8.30671
380 5.33944 2.78657 -10.16199
381 1.78658 10.89366 -4.74728
382 3.32033 3.23023 6.59968
383 -8.99828 2.95934 1.96325
384 2.99151 20.58881 -10.85988
385 8.81188 1.25852 10.12281
386 12.53884 18.83973 2.2975
387 4.02379 8.19743 6.05154
388 -2.06472 6.10421 -10.60413
389 2.61875 12.17212 -4.53424
390 12.06784 18.03749 -2.63236
391 2.88391 16.14061 -4.43367
392 4.86751 13.03742 -10.34759
393 1.48333 16.54661 13.95263
394 4.25886 4.55624 5.83438
395 3.97388 18.75014 -3.82649
396 -8.79314 16.3634 2.51619
397 5.57733 18.33204 -2.02769
398 11.09284 17.47789 -4.94895
399 2.63447 17.25921 -4.52873
400 11.97942 9.92917 -2.91086
401 6.07038 10.02506 -0.8976
402 5.43372 18.59271 4.34575
403 6.34782 9.83504 0.57937
404 4.36154 8.32233 5.73318
405 0.156 4.87205 7.83251
406 6.35249 7.92691 1.31766
407 5.01272 9.48579 -2.84991
408 2.50416 9.12377 -10.93764
409 4.49606 3.49658 5.59416
410 -0.11947 1.69075 -10.98405
411 0.62718 16.21385 7.74787
412 -4.28119 2.30148 7.21494
413 10.91245 7.42923 -5.26629
414 5.43885 17.38747 4.33701
415 1.04399 20.89393 -4.81404
416 6.27572 19.19495 2.03097
417 -4.68355 20.63032 7.02376
418 6.27597 13.98524 2.02945
419 -7.9835 9.52332 -6.15663
420 1.15365 11.32827 -4.81135
421 1.02461 12.06773 -4.81426
422 8.71955 10.0346 10.2152
423 -4.14467 12.16378 7.27395
424 -9.3804 4.71541 -2.34975
425 -3.46709 6.39726 7.52544
426 12.12204 13.51395 -2.44926
427 1.46972 17.12136 7.51864
428 4.00893 20.29708 13.25018
429 -7.91825 6.06573 -6.25976
430 -8.89259 1.68935 2.26178
431 -7.16001 2.39519 -7.29164
432 2.92135 20.52757 -10.87243
433 4.48853 7.48798 13.05602
434 -3.35947 5.30465 7.5593
435 1.63454 0.23595 7.46138
436 6.09389 13.394 -9.81309
437 4.08932 3.5683 -3.74086
438 8.92681 10.96871 -7.79139
439 11.0265 14.20769 7.14974
440 1.96622 7.80392 -4.71393
441 12.30049 10.34433 3.76319
442 -9.46818 0.42452 -0.57934
443 6.19567 7.9447 2.43793
444 -2.84052 9.02589 7.70017
445 -3.77338 9.58 7.42009
446 9.52453 8.65993 -7.16916
447 3.10656 1.01901 -4.33608
448 -9.29544 20.93377 0.8468
449 -7.06138 14.60958 5.23004
450 11.21585 13.71485 -4.71888
451 -9.05604 5.80963 1.78461
452 7.11321 0.59868 11.5752
453 1.08159 18.38776 7.63709
454 -0.64118 11.65206 7.90893
455 10.02606 9.93464 -6.56894
456 -8.86117 3.83226 2.34463
457 5.93037 8.93651 -1.28985
458 -9.39665 17.08623 0.23642
459 5.84495 0.78307 -1.49418
460 1.12381 7.43804 -4.81233
461 -5.64879 16.18779 6.44925
462 6.23237 15.24311 -0.27821
463 5.38459 0.90279 4.42794
464 8.94204 3.90873 -7.77662
465 5.03397 8.58177 12.80903
466 -2.42717 9.23446 7.78663
467 -0.63019 14.4734 -10.91976
468 -2.44839 15.66168 7.78273
469 -0.0492 4.89353 -10.99099
470 0.52116 19.64917 -11.03048
471 -9.46624 10.94899 -0.53726
472 11.77565 2.82635 -3.47978
473 6.27591 4.28324 -9.71873
474 1.12648 4.82152 14.01173
475 0.68067 16.48877 -4.80514
476 5.95777 18.64656 3.23854
477 -8.0123 7.818 4.01182
478 -5.83245 12.60838 6.31913
479 9.2644 20.87259 -7.45117
480 -6.64332 12.65096 5.64862
481 4.3102 9.7207 5.78429
482 0.03314 16.6849 -4.71929
483 3.82692 10.26957 13.31846
484 7.27872 1.75316 -9.12078
485 -7.8853 7.23269 4.20225
486 -0.49831 14.40113 -10.93871
487 6.41343 3.11741 -9.64468
488 8.51459 3.56109 10.41404
489 -9.469 5.87272 -1.39121
490 0.086 12.16461 -4.72979
491 6.0466 4.81462 2.98013
492 -4.8198 5.14189 6.95294
493 -3.86848 3.32052 -9.89341
494 6.3287 14.64455 1.63029
495 6.35104 6.9031 1.34467
496 12.20034 16.34431 -2.16423
497 7.78178 11.75961 -8.7658
498 12.13426 2.76749 4.42551
499 -1.69779 8.43434 7.88535
500 3.63057 7.99749 -4.05479
501 5.6913 8.11792 12.47187
502 -7.05919 10.40349 5.23238
503 -6.20968 18.33148 -8.28309
504 -3.12005 4.05555 -10.23466
505 -6.50393 13.49032 5.77616
506 -3.06611 8.88376 -10.2566
507 2.09085 8.20841 -4.68678
508 6.07662 2.37943 2.88411
509 -4.98858 2.16825 6.86075
510 5.88854 7.3213 3.41922
511 -2.48817 13.08876 -10.47069
512 -6.45558 0.45374 5.81912
513 8.68076 2.23869 -8.02278
514 0.0924 5.04438 -4.73101
515 5.76005 15.00911 -1.67852
516 12.54973 10.22153 -0.19072
517 12.60285 0.21793 0.71824
518 5.52491 16.98322 4.18591
519 -2.50141 13.65556 7.77275
520 -5.94169 13.7998 -8.51922
521 11.06202 16.75979 -5.00477
522 0.42711 2.21204 -4.78243
523 11.31982 3.90027 6.57908
524 4.57541 20.5661 -3.32333
525 -8.86664 13.25686 -4.36329
526 4.93101 1.87341 -2.94695
527 3.51335 1.3049 6.4628
528 10.91824 8.40654 7.34427
529 -4.16869 9.36606 7.26378
530 -2.25006 20.13905 7.81686
531 3.08656 6.12938 -4.34535
532 0.92927 10.18379 7.6775
533 3.4475 14.18717 -4.16174
534 4.83117 9.34213 -10.36088
535 -5.19371 12.0975 -9.09894
536 -1.21293 3.12383 -10.8161
537 -4.37832 13.63969 7.17119
538 9.47364 20.25851 -7.22578
539 -8.21851 12.68379 -5.76014
540 -1.22886 1.75392 7.9132
541 4.78382 8.19273 -10.378
542 4.88702 9.49901 12.8784
543 2.7424 2.24899 -10.90238
544 -0.51473 9.27609 -10.93644
545 12.53591 1.06919 2.32556
546 1.15138 1.59857 14.00792
547 9.39644 1.992 9.49277
548 6.3438 5.78593 1.45673
549 0.18253 20.25064 7.82854
550 11.85751 1.89968 5.29589
551 12.37707 12.5268 3.39413
552 -1.6981 20.7636 -10.7044
553 9.81018 11.86624 8.99289
554 3.6908 20.31678 6.32836
555 12.5673 2.48633 0.01181
556 -9.44307 12.92479 -0.19105
557 -9.44782 12.93866 -0.24865
558 12.58731 16.12764 0.31243
559 3.05198 4.9882 -4.36115
560 -9.45286 15.99807 -1.67553
561 4.00173 4.27695 -3.80626
562 2.99057 3.18373 -10.86005
563 -5.80366 2.96984 6.34001
564 -9.33377 4.93441 0.6436
565 -1.08296 12.91252 -10.84207
566 11.14223 0.99192 -4.85799
567 -6.0797 20.73189 -8.39967
568 -6.76746 13.80876 5.53019
569 -8.69653 8.63188 -4.7895
570 -8.79822 17.61997 -4.54173
571 -9.15711 7.41581 -3.44856
572 12.3986 16.12605 -1.27451
573 3.78569 13.80679 6.25288
574 4.72686 18.29135 5.33677
575 5.29925 14.84686 -2.4707
576 10.11986 2.35935 -6.44728
577 4.39401 5.21611 -3.49077
578 1.92369 5.03793 13.86652
579 0.33977 11.14499 7.80307
580 5.58376 20.20745 4.07718
581 0.41937 10.54119 7.78891
582 12.50393 1.46551 -0.60079
583 3.24535 14.2473 6.65038
584 -9.37454 16.04052 0.39374
585 2.13261 3.75097 7.26166
586 11.63634 19.99443 -3.82477
587 12.14807 9.09705 4.37569
588 -6.58317 3.46139 5.70434
589 11.96464 4.9112 -2.95529
590 3.50828 10.81642 -4.12731
591 -4.09884 16.11636 7.29311
592 7.7668 20.275 -8.77696
593 5.52315 11.57203 -2.12125
594 5.93451 19.45978 -1.2794
595 -6.53247 8.12692 5.7505
596 5.42665 8.32655 -2.27865
597 4.44849 11.59064 -3.44204
598 11.21538 8.117 -4.71979
599 5.66025 15.60468 -1.87623
600 5.10188 20.92884 -10.25844
601 1.30765 16.6473 -4.80337
602 -3.52469 19.72771 7.50666
603 11.89253 18.85514 -3.16436
604 9.45857 7.87366 9.42081
605 1.17226 4.86011 14.00468
606 1.75434 19.23046 -4.75255
607 1.18917 15.30648 14.00203
608 11.59021 1.52704 5.98183
609 5.73488 5.0854 3.77389
610 6.30062 18.45723 0.11668
611 6.03885 20.49167 3.00409
612 3.83054 20.21475 -3.92643
613 12.39695 17.69434 -1.28344
614 -1.04933 11.22976 7.91652
615 6.23257 3.84109 -0.27723
616 2.68548 13.35597 -10.91128
617 -6.22487 19.23112 6.01546
618 -5.48834 15.82816 -8.88351
619 3.36552 18.61153 6.56847
620 3.86239 13.1945 -3.90482
621 6.07785 8.58316 -0.87399
622 -6.03798 10.29004 -8.43626
623 -7.16199 1.25794 -7.28927
624 0.58784 15.77961 7.75609
625 4.44822 16.62967 5.64447
626 10.7125 11.26145 7.69403
627 -9.38338 1.31679 0.33315
628 -9.34534 20.12451 0.5769
629 9.13202 8.24868 -7.58788
630 5.23031 11.67331 -2.56808
631 -4.53209 4.7267 7.09882
632 7.83127 2.43712 -8.72868
633 12.3102 14.91753 3.71928
634 11.86416 4.37959 -3.24342
635 5.29824 13.39546 -2.47216
636 5.9556 9.8728 3.24444
637 3.97423 5.71565 -3.82624
638 12.49609 10.71449 -0.66069
639 6.07156 6.42363 -0.8939
640 -1.36351 20.44055 7.90804
641 2.4927 6.45356 -4.5763
642 -8.50085 16.41834 -5.21967
643 -1.77009 19.42808 -10.6858
644 5.77253 6.68347 -1.65242
645 4.21165 13.25412 -10.56643
646 4.19706 3.12611 -3.65658
647 6.13477 8.88153 12.21818
648 6.75437 1.57845 -9.45052
649 7.54232 19.42136 -8.93974
650 1.15354 3.33879 -4.81135
651 12.42897 10.99396 3.1064
652 11.09848 17.77395 7.01592
653 5.06505 19.67162 4.90792
654 6.83673 10.31332 11.76928
655 1.89675 10.53595 -4.72763
656 4.38668 5.68277 5.70777
657 8.84322 15.60839 -7.87149
658 -9.4231 6.9235 0.01566
659 5.50581 11.60621 12.57157
660 12.46242 10.22698 -0.89608
661 5.71297 13.79844 -1.77408
662 6.0066 18.67851 -9.8569
663 4.35169 18.29538 -3.52774
664 3.61893 4.69999 6.38384
665 -3.34998 2.67082 -10.13723
666 6.32148 19.06558 1.6984
667 11.84445 10.20252 5.33227
668 5.40624 6.08309 4.39203
669 1.81581 5.44449 13.88897
670 -9.45299 10.17212 -0.31709
671 -8.67936 1.81992 2.78266
672 4.58383 11.59448 -10.4477
673 12.58355 2.70146 1.7484
674 0.08736 15.66736 14.13071
675 4.25029 0.80098 -3.6133
676 -6.96666 7.58163 5.32995
677 -1.49372 11.59466 -10.75432
678 5.73864 14.99995 -1.72251
679 -3.01809 7.12818 7.65608
680 5.92738 8.16149 12.33956
681 5.57622 1.36324 12.53416
682 5.20601 14.21437 -2.6014
683 7.16103 8.91796 -9.19822
684 -8.72289 14.34909 -4.72708
685 8.44251 14.96227 -8.23463
686 1.90125 6.39289 7.35956
687 2.04625 12.1539 -4.69687
688 -3.04362 12.75247 7.64939
689 -7.63955 7.92824 4.54301
690 2.38874 1.00507 -4.6083
691 -7.20366 16.17071 5.07381
692 -8.38414 3.44028 -5.45296
693 0.12858 13.37019 7.83652
694 10.69887 7.95966 -5.61549
695 5.70172 3.0015 3.84377
696 -8.97257 20.79805 2.03899
697 -9.2921 13.64289 -2.86555
698 3.46335 3.8652 13.44621
699 5.01506 6.23346 -2.84706
700 -7.07063 16.54207 -7.39696
701 -8.12748 17.91641 -5.9187
702 4.39391 2.30888 5.7004
703 2.03319 5.45588 -4.69975
704 3.9968 1.07794 13.25482
705 -0.78717 19.8089 7.91407
706 6.12518 17.65072 2.71679
707 -1.47413 10.79695 7.90209
708 12.49117 3.85915 2.69702
709 -0.95227 19.61587 7.91663
710 11.76611 11.17374 -3.50442
711 2.27774 11.20873 7.19551
712 -8.12043 14.08271 -5.93071
713 1.58057 0.39693 13.93487
714 -3.64617 16.28253 -10.00214
715 2.4527 4.04047 -4.5889
716 2.34686 2.8684 -4.6205
717 12.1975 0.40925 4.19063
718 -9.14147 12.21456 1.4941
719 5.33476 6.03798 12.6603
720 1.34845 19.38719 -4.80044
721 -9.42539 7.34933 -0.00577
722 10.8186 9.71749 7.51676
723 1.27271 18.46859 -4.80561
724 5.15806 19.41611 12.74878
725 5.67209 4.35742 3.90453
726 -5.49785 13.76213 -8.87629
727 -3.30814 15.26239 7.57487
728 5.10403 2.91149 12.7752
729 5.03172 17.45515 -2.8267
730 4.7417 9.23723 -3.15595
731 10.39024 11.04841 8.19694
732 3.96872 7.14211 6.09969
733 10.66483 1.6861 7.77166
734 10.32101 16.73072 -6.17499
735 11.35883 10.87896 6.49766
736 3.74183 15.04078 -3.98492
737 11.42844 4.42093 6.34866
738 0.99636 3.61919 7.66011
739 1.37765 13.93732 7.54879
740 -3.35324 18.05101 7.5612
741 9.70479 12.6738 -6.96255
742 1.19857 17.98096 14.00056
743 5.25165 7.30556 -10.19836
744 -6.55792 20.70228 -7.9501
745 4.51114 13.70513 5.57809
746 6.04979 9.41794 2.97016
747 5.52564 9.03685 -2.11703
748 11.1519 6.30393 6.91414
749 11.14712 0.05731 -4.84889
750 4.62634 18.30401 5.45198
751 6.34521 11.64511 0.54091
752 -1.4644 6.37165 7.90267
753 -9.31114 0.10901 0.76652
754 -9.45389 14.48258 -0.32962
755 1.93364 0.87884 -11.00092
756 4.92887 18.9857 5.08893
757 -7.34106 4.72747 -7.06906
758 5.24968 1.63534 4.64122
759 -0.99808 18.55395 7.91673
760 0.52096 2.45457 -11.03047
761 -1.58502 13.20539 7.89458
762 6.0849 16.07032 2.85671
763 4.17348 6.44494 5.91552
764 7.63465 15.42819 11.17989
765 -0.53039 18.99204 -10.93425
766 -8.64468 16.71643 2.85946
767 10.49667 11.89623 -5.92329
768 -5.25976 11.76106 -9.05202
769 -5.86361 15.92814 6.29632
770 -2.4793 3.6615 -10.47369
771 -5.75643 5.94889 -8.67316
772 6.15446 11.75015 -0.60912
773 -5.26852 5.20414 -9.04574
774 -5.80206 20.24245 6.34116
775 3.71613 12.25083 -4.0014
776 -2.38517 10.07708 -10.50493
777 11.77565 16.69381 5.51853
778 0.11096 19.59544 -11.0051
779 -3.78863 14.25509 -9.9332
780 3.43755 10.01977 6.51768
781 -4.44942 19.72665 7.1382
782 1.07357 9.41335 -4.81356
783 9.49358 8.78772 9.37981
784 -9.47141 18.24069 -1.32874
785 -2.86377 6.44942 7.69464
786 -8.81945 10.32609 2.45104
787 -8.69033 3.80619 2.75797
788 5.93457 2.82078 3.30086
789 -2.72497 17.2929 7.7266
790 2.51174 1.90879 7.08081
791 -0.84499 17.56651 7.91536
792 12.57694 18.42614 0.14312
793 -8.14982 13.0053 -5.8804
794 3.9225 9.45461 13.28297
795 -8.78759 11.20763 2.52977
796 -1.56329 20.18375 -10.7378
797 -6.59132 19.9256 5.69686
798 -8.07725 8.37022 -6.00342
799 2.98286 7.48232 6.81757
800 12.59764 15.18509 0.5399
801 6.28527 10.30406 0.01317
802 0.23823 2.08876 14.11828
803 1.51155 3.32886 -4.78529
804 5.90578 7.35476 -1.35089
805 6.35472 12.39218 0.70568
806 -2.29471 20.10824 -10.53405
807 -2.97505 10.6439 -10.29287
808 0.20512 9.57114 -11.01229
809 4.4273 2.53999 -10.49936
810 -9.46402 10.31253 -0.49363
811 2.15451 6.20087 13.81548
812 -7.41752 2.30658 -6.97106
813 4.08486 14.73264 -3.74426
814 3.64249 1.54337 6.36582
815 -8.02403 17.70666 -6.09115
816 -7.13491 5.61197 5.15025
817 7.28017 15.94245 11.45292
818 -8.38361 20.47121 3.38466
819 -6.33507 1.25232 5.92342
820 11.70557 20.5171 5.69975
821 8.2445 19.41778 10.66359
822 3.21625 5.89399 13.52662
823 -6.2859 17.40646 5.96487
824 3.65916 16.96652 13.37882
825 3.75673 3.46627 6.27619
826 6.3116 4.53035 0.19929
827 6.06537 10.76869 -0.91326
828 -8.30921 9.20446 3.52006
829 10.75328 8.10463 7.62664
830 1.04154 7.37488 -4.81408
831 12.13571 3.90323 4.42032
832 4.52361 13.84331 5.56473
833 -7.04845 6.89959 5.24386
834 3.93243 12.7513 6.13089
835 -9.47594 10.5625 -0.83463
836 5.77302 15.10768 3.69087
837 -0.91707 12.16233 7.91637
838 10.57639 9.70511 -5.80437
839 6.34686 9.87518 1.41294
840 12.60502 20.04849 1.14868
841 3.12102 8.25979 13.55625
842 3.41202 3.01677 13.46334
843 -5.14991 16.94732 6.76786
844 2.87719 9.24487 13.62871
845 0.19833 3.73923 -11.0118
846 -9.26765 1.82091 -2.98439
847 -8.72478 10.93762 2.67911
848 -4.15281 20.17941 -9.74474
849 3.47376 16.35089 -10.76103
850 -9.0641 7.87591 1.75865
851 9.87172 13.60464 -6.76231
852 -6.94066 12.49869 5.35684
853 2.33615 18.43389 7.16782
854 11.38992 4.44727 6.43173
855 10.46217 14.27759 8.08895
856 1.69511 12.27683 7.43927
857 2.18888 16.13409 7.23645
858 4.22418 14.02343 -10.56266
859 -4.22882 3.82669 7.23792
860 -9.4598 19.81067 -1.57081
861 4.67768 16.95729 5.39377
862 0.68353 0.63234 7.73571
863 5.9789 19.41123 3.18009
864 -1.53826 5.78733 7.89793
865 3.31407 1.01211 -4.2337
866 -9.46935 5.93731 -1.38275
867 6.36023 11.29562 0.88892
868 5.82694 6.72997 12.3966
869 6.31403 8.74771 1.76243
870 7.56773 18.34805 -8.92172
871 3.52733 0.11173 -4.1163
872 -1.55399 10.74269 7.89684
873 -7.86903 9.36467 -6.33577
874 -6.98938 20.29122 5.30627
875 0.39918 4.67633 -4.77908
876 12.57225 12.28588 0.07693
877 4.21652 14.62615 -10.56497
878 -2.08708 17.64257 -10.59756
879 12.34699 4.02375 -1.53815
880 6.00066 15.45835 -1.10363
881 11.36624 13.63919 6.48204
882 5.85027 10.39661 12.38345
883 -4.08751 4.63417 -9.77986
884 10.16475 11.27147 -6.38789
885 -9.12547 5.75014 -3.56537
886 5.66695 9.62623 3.91492
887 2.8068 6.32576 -4.46464
888 8.68793 10.52348 10.24644
889 -0.94452 0.27967 -10.86792
890 -7.92941 5.67346 -6.24233
891 6.36087 15.26666 0.94744
892 -6.2647 2.9071 -8.23252
893 -2.59371 11.70873 7.75449
894 -1.94314 4.90915 7.85971
895 -1.18314 14.12998 7.91443
896 8.58203 19.38575 -8.11198
897 2.95611 2.09777 -4.40337
898 -5.77373 12.20922 -8.65909
899 5.4582 10.58293 4.3038
900 5.79985 16.63502 3.63062
901 4.68303 8.71034 5.38762
902 -5.56562 2.3259 -8.82433
903 4.06911 15.86216 -3.7562
904 -4.4268 8.60232 7.14878
905 0.45457 16.58068 -11.02741
906 3.1189 5.22636 -10.8359
907 0.81468 10.00652 7.7057
908 -3.25965 15.95446 7.58925
909 -9.47402 16.41589 -0.74538
910 -9.06117 14.57507 -3.78683
911 4.56169 0.53082 5.5235
912 -4.15794 12.41471 -9.74195
913 5.49773 15.79355 4.2346
914 10.90097 18.67392 -5.28576
915 12.5981 1.474 0.55292
916 2.77687 0.66361 -4.47627
917 0.47856 1.06361 -4.78815
918 2.35461 1.13256 7.15894
919 -7.0979 20.92495 -7.36512
920 12.4637 5.57992 2.88895
921 8.35931 19.18443 10.55918
922 6.31738 8.23881 0.24654
923 -3.01455 13.53646 -10.27726
924 3.90134 13.15621 13.29089
925 4.72551 4.8696 -3.17288
926 -9.45877 13.34866 -1.58745
927 3.03947 18.87408 -10.85103
928 -9.12579 6.08613 -3.5642
929 -1.40411 1.42726 7.90603
930 4.07321 12.55411 -3.7531
931 3.56728 9.5661 6.42284
932 4.99053 7.56609 12.82976
933 6.30242 13.20756 1.85273
934 6.36071 14.46725 0.92683
935 -4.28454 2.78053 7.21346
936 6.34507 3.36755 1.43902
937 -4.82109 14.6583 6.95225
938 -9.2484 11.65455 -3.07299
939 8.25912 14.50467 10.65043
940 1.49885 0.95194 -4.78667
941 6.6921 14.99328 -9.48713
942 -2.65122 5.64814 -10.41411
943 9.15999 6.79428 -7.55935
944 -3.63177 6.11358 7.47047
945 7.11959 12.88739 -9.225
946 4.21564 17.5757 5.87579
947 -9.33765 4.90044 -2.62042
948 3.62846 1.30344 6.37657
949 4.73264 14.90307 5.32998
950 -5.8417 17.23722 6.31238
951 3.42384 10.90191 -4.17486
952 -8.72246 9.3399 2.68447
953 3.47479 15.89791 -10.7608
954 2.00261 6.42739 7.31778
955 1.34905 2.53663 7.55789
956 6.6006 6.69527 -9.53999
957 -5.92718 18.76728 6.24911
958 -9.39265 1.78761 0.2664
959 5.27358 8.22974 -2.50745
960 4.52319 11.31475 -10.46801
961 1.61632 17.33847 -11.0233
962 5.84142 15.36329 3.53405
963 -2.08686 2.81942 7.84114
964 -4.79608 0.87914 6.96549
965 0.14959 8.03816 -4.74157
966 -4.75988 12.50508 -9.38871
967 -6.82677 8.04535 5.47192
968 4.44727 2.01549 -3.44315
969 9.76796 0.24014 -6.88782
970 -8.50351 13.24811 3.15403
971 1.33809 14.9303 -11.03541
972 10.29151 0.76875 -6.21594
973 4.47084 16.61097 5.6208
974 -3.44467 13.43764 7.53263
975 12.28912 20.40624 -1.80308
976 -8.27001 1.59156 3.58923
977 -9.27712 15.93485 -2.9392
978 -5.86997 16.11259 -8.57968
979 11.18648 7.66001 -4.7749
980 11.30536 2.49365 6.60892
981 12.09004 5.13543 -2.55861
982 -9.47493 19.64318 -0.7828
983 4.70446 1.57984 5.36288
984 -0.71255 5.16874 7.91178
985 -6.46953 17.27294 5.80679
986 -1.66824 5.32806 -10.71195
987 6.03561 20.00742 -1.0034
988 0.37243 5.42068 -11.02306
989 -3.72813 4.44405 7.43651
990 4.10225 10.30469 -10.59867
991 -9.16558 10.31618 -3.41627
992 4.47586 13.99249 5.61552
993 0.14226 14.46659 -4.74026
994 7.81994 20.24812 -8.73722
995 -8.60152 20.47045 -5.00517
996 -3.1222 2.23197 -10.23378
997 11.21441 20.52289 6.7922
998 4.23794 16.83025 -3.62344
999 5.16862 7.2057 4.7616
1000 6.1594 15.9577 -9.77961
;

param y :=
1 -1.0
2 -1.0
3 -1.0
4 -1.0
5 -1.0
6 1.0
7 -1.0
8 -1.0
9 -1.0
10 -1.0
11 -1.0
12 1.0
13 1.0
14 -1.0
15 1.0
16 1.0
17 1.0
18 -1.0
19 1.0
20 1.0
21 -1.0
22 1.0
23 1.0
24 1.0
25 -1.0
26 -1.0
27 1.0
28 1.0
29 -1.0
30 1.0
31 -1.0
32 -1.0
33 -1.0
34 1.0
35 -1.0
36 -1.0
37 1.0
38 1.0
39 -1.0
40 1.0
41 -1.0
42 -1.0
43 1.0
44 -1.0
45 -1.0
46 -1.0
47 -1.0
48 -1.0
49 1.0
50 1.0
51 -1.0
52 -1.0
53 1.0
54 -1.0
55 1.0
56 -1.0
57 -1.0
58 -1.0
59 -1.0
60 -1.0
61 1.0
62 1.0
63 -1.0
64 1.0
65 -1.0
66 -1.0
67 -1.0
68 -1.0
69 -1.0
70 -1.0
71 1.0
72 -1.0
73 1.0
74 -1.0
75 -1.0
76 1.0
77 -1.0
78 -1.0
79 -1.0
80 -1.0
81 -1.0
82 -1.0
83 -1.0
84 -1.0
85 -1.0
86 1.0
87 -1.0
88 -1.0
89 1.0
90 -1.0
91 -1.0
92 1.0
93 -1.0
94 1.0
95 1.0
96 1.0
97 -1.0
98 1.0
99 -1.0
100 1.0
101 -1.0
102 1.0
103 -1.0
104 -1.0
105 -1.0
106 -1.0
107 -1.0
108 1.0
109 -1.0
110 -1.0
111 1.0
112 -1.0
113 -1.0
114 -1.0
115 1.0
116 1.0
117 -1.0
118 -1.0
119 -1.0
120 1.0
121 -1.0
122 -1.0
123 1.0
124 -1.0
125 -1.0
126 1.0
127 -1.0
128 -1.0
129 1.0
130 -1.0
131 -1.0
132 1.0
133 -1.0
134 1.0
135 -1.0
136 1.0
137 1.0
138 -1.0
139 -1.0
140 -1.0
141 1.0
142 -1.0
143 -1.0
144 1.0
145 -1.0
146 -1.0
147 1.0
148 1.0
149 -1.0
150 -1.0
151 -1.0
152 1.0
153 1.0
154 -1.0
155 -1.0
156 -1.0
157 -1.0
158 -1.0
159 -1.0
160 1.0
161 1.0
162 1.0
163 -1.0
164 -1.0
165 1.0
166 -1.0
167 -1.0
168 -1.0
169 -1.0
170 -1.0
171 1.0
172 1.0
173 1.0
174 1.0
175 1.0
176 -1.0
177 1.0
178 -1.0
179 -1.0
180 -1.0
181 1.0
182 1.0
183 1.0
184 -1.0
185 -1.0
186 1.0
187 -1.0
188 -1.0
189 -1.0
190 -1.0
191 -1.0
192 -1.0
193 1.0
194 -1.0
195 -1.0
196 -1.0
197 1.0
198 -1.0
199 1.0
200 -1.0
201 1.0
202 -1.0
203 -1.0
204 1.0
205 1.0
206 1.0
207 -1.0
208 -1.0
209 -1.0
210 1.0
211 -1.0
212 1.0
213 -1.0
214 -1.0
215 -1.0
216 -1.0
217 -1.0
218 1.0
219 -1.0
220 1.0
221 -1.0
222 -1.0
223 -1.0
224 -1.0
225 -1.0
226 -1.0
227 -1.0
228 1.0
229 -1.0
230 1.0
231 -1.0
232 -1.0
233 1.0
234 -1.0
235 -1.0
236 -1.0
237 -1.0
238 -1.0
239 -1.0
240 1.0
241 -1.0
242 1.0
243 -1.0
244 -1.0
245 -1.0
246 -1.0
247 1.0
248 -1.0
249 -1.0
250 1.0
251 1.0
252 1.0
253 1.0
254 1.0
255 -1.0
256 1.0
257 -1.0
258 1.0
259 -1.0
260 -1.0
261 1.0
262 -1.0
263 -1.0
264 -1.0
265 -1.0
266 1.0
267 1.0
268 -1.0
269 1.0
270 1.0
271 -1.0
272 -1.0
273 1.0
274 1.0
275 -1.0
276 -1.0
277 -1.0
278 -1.0
279 1.0
280 1.0
281 -1.0
282 -1.0
283 1.0
284 -1.0
285 -1.0
286 1.0
287 -1.0
288 1.0
289 1.0
290 -1.0
291 -1.0
292 1.0
293 -1.0
294 1.0
295 1.0
296 -1.0
297 -1.0
298 1.0
299 -1.0
300 1.0
301 -1.0
302 1.0
303 -1.0
304 1.0
305 -1.0
306 1.0
307 -1.0
308 -1.0
309 -1.0
310 -1.0
311 -1.0
312 -1.0
313 1.0
314 -1.0
315 1.0
316 -1.0
317 -1.0
318 -1.0
319 1.0
320 -1.0
321 -1.0
322 1.0
323 -1.0
324 -1.0
325 -1.0
326 1.0
327 -1.0
328 1.0
329 1.0
330 -1.0
331 -1.0
332 -1.0
333 -1.0
334 1.0
335 -1.0
336 1.0
337 1.0
338 -1.0
339 -1.0
340 -1.0
341 1.0
342 -1.0
343 -1.0
344 -1.0
345 -1.0
346 -1.0
347 -1.0
348 1.0
349 1.0
350 -1.0
351 1.0
352 1.0
353 -1.0
354 -1.0
355 -1.0
356 -1.0
357 1.0
358 1.0
359 -1.0
360 -1.0
361 -1.0
362 1.0
363 1.0
364 -1.0
365 -1.0
366 -1.0
367 1.0
368 1.0
369 -1.0
370 -1.0
371 -1.0
372 1.0
373 -1.0
374 1.0
375 1.0
376 -1.0
377 1.0
378 -1.0
379 1.0
380 1.0
381 -1.0
382 -1.0
383 -1.0
384 1.0
385 1.0
386 1.0
387 -1.0
388 1.0
389 -1.0
390 1.0
391 -1.0
392 1.0
393 1.0
394 -1.0
395 -1.0
396 -1.0
397 -1.0
398 1.0
399 -1.0
400 1.0
401 -1.0
402 -1.0
403 -1.0
404 -1.0
405 -1.0
406 -1.0
407 -1.0
408 1.0
409 -1.0
410 1.0
411 -1.0
412 -1.0
413 1.0
414 -1.0
415 -1.0
416 -1.0
417 -1.0
418 -1.0
419 -1.0
420 -1.0
421 -1.0
422 1.0
423 -1.0
424 -1.0
425 -1.0
426 1.0
427 -1.0
428 1.0
429 -1.0
430 -1.0
431 -1.0
432 1.0
433 1.0
434 -1.0
435 -1.0
436 1.0
437 -1.0
438 1.0
439 1.0
440 -1.0
441 1.0
442 -1.0
443 -1.0
444 -1.0
445 -1.0
446 1.0
447 -1.0
448 -1.0
449 -1.0
450 1.0
451 -1.0
452 1.0
453 -1.0
454 -1.0
455 1.0
456 -1.0
457 -1.0
458 -1.0
459 -1.0
460 -1.0
461 -1.0
462 -1.0
463 -1.0
464 1.0
465 1.0
466 -1.0
467 1.0
468 -1.0
469 1.0
470 1.0
471 -1.0
472 1.0
473 1.0
474 1.0
475 -1.0
476 -1.0
477 -1.0
478 -1.0
479 1.0
480 -1.0
481 -1.0
482 -1.0
483 1.0
484 1.0
485 -1.0
486 1.0
487 1.0
488 1.0
489 -1.0
490 -1.0
491 -1.0
492 -1.0
493 -1.0
494 -1.0
495 -1.0
496 1.0
497 1.0
498 1.0
499 -1.0
500 -1.0
501 1.0
502 -1.0
503 -1.0
504 -1.0
505 -1.0
506 1.0
507 -1.0
508 -1.0
509 -1.0
510 -1.0
511 1.0
512 -1.0
513 1.0
514 -1.0
515 -1.0
516 1.0
517 1.0
518 -1.0
519 -1.0
520 -1.0
521 1.0
522 -1.0
523 1.0
524 -1.0
525 -1.0
526 -1.0
527 -1.0
528 1.0
529 -1.0
530 -1.0
531 -1.0
532 -1.0
533 -1.0
534 1.0
535 -1.0
536 1.0
537 -1.0
538 1.0
539 -1.0
540 -1.0
541 1.0
542 1.0
543 1.0
544 1.0
545 1.0
546 1.0
547 1.0
548 -1.0
549 -1.0
550 1.0
551 1.0
552 1.0
553 1.0
554 -1.0
555 1.0
556 -1.0
557 -1.0
558 1.0
559 -1.0
560 -1.0
561 -1.0
562 1.0
563 -1.0
564 -1.0
565 1.0
566 1.0
567 -1.0
568 -1.0
569 -1.0
570 -1.0
571 -1.0
572 1.0
573 -1.0
574 -1.0
575 -1.0
576 1.0
577 -1.0
578 1.0
579 -1.0
580 -1.0
581 -1.0
582 1.0
583 -1.0
584 -1.0
585 -1.0
586 1.0
587 1.0
588 -1.0
589 1.0
590 -1.0
591 -1.0
592 1.0
593 -1.0
594 -1.0
595 -1.0
596 -1.0
597 -1.0
598 1.0
599 -1.0
600 1.0
601 -1.0
602 -1.0
603 1.0
604 1.0
605 1.0
606 -1.0
607 1.0
608 1.0
609 -1.0
610 -1.0
611 -1.0
612 -1.0
613 1.0
614 -1.0
615 -1.0
616 1.0
617 -1.0
618 -1.0
619 -1.0
620 -1.0
621 -1.0
622 -1.0
623 -1.0
624 -1.0
625 -1.0
626 1.0
627 -1.0
628 -1.0
629 1.0
630 -1.0
631 -1.0
632 1.0
633 1.0
634 1.0
635 -1.0
636 -1.0
637 -1.0
638 1.0
639 -1.0
640 -1.0
641 -1.0
642 -1.0
643 1.0
644 -1.0
645 1.0
646 -1.0
647 1.0
648 1.0
649 1.0
650 -1.0
651 1.0
652 1.0
653 -1.0
654 1.0
655 -1.0
656 -1.0
657 1.0
658 -1.0
659 1.0
660 1.0
661 -1.0
662 1.0
663 -1.0
664 -1.0
665 -1.0
666 -1.0
667 1.0
668 -1.0
669 1.0
670 -1.0
671 -1.0
672 1.0
673 1.0
674 1.0
675 -1.0
676 -1.0
677 1.0
678 -1.0
679 -1.0
680 1.0
681 1.0
682 -1.0
683 1.0
684 -1.0
685 1.0
686 -1.0
687 -1.0
688 -1.0
689 -1.0
690 -1.0
691 -1.0
692 -1.0
693 -1.0
694 1.0
695 -1.0
696 -1.0
697 -1.0
698 1.0
699 -1.0
700 -1.0
701 -1.0
702 -1.0
703 -1.0
704 1.0
705 -1.0
706 -1.0
707 -1.0
708 1.0
709 -1.0
710 1.0
711 -1.0
712 -1.0
713 1.0
714 -1.0
715 -1.0
716 -1.0
717 1.0
718 -1.0
719 1.0
720 -1.0
721 -1.0
722 1.0
723 -1.0
724 1.0
725 -1.0
726 -1.0
727 -1.0
728 1.0
729 -1.0
730 -1.0
731 1.0
732 -1.0
733 1.0
734 1.0
735 1.0
736 -1.0
737 1.0
738 -1.0
739 -1.0
740 -1.0
741 1.0
742 1.0
743 1.0
744 -1.0
745 -1.0
746 -1.0
747 -1.0
748 1.0
749 1.0
750 -1.0
751 -1.0
752 -1.0
753 -1.0
754 -1.0
755 1.0
756 -1.0
757 -1.0
758 -1.0
759 -1.0
760 1.0
761 -1.0
762 -1.0
763 -1.0
764 1.0
765 1.0
766 -1.0
767 1.0
768 -1.0
769 -1.0
770 1.0
771 -1.0
772 -1.0
773 -1.0
774 -1.0
775 -1.0
776 1.0
777 1.0
778 1.0
779 -1.0
780 -1.0
781 -1.0
782 -1.0
783 1.0
784 -1.0
785 -1.0
786 -1.0
787 -1.0
788 -1.0
789 -1.0
790 -1.0
791 -1.0
792 1.0
793 -1.0
794 1.0
795 -1.0
796 1.0
797 -1.0
798 -1.0
799 -1.0
800 1.0
801 -1.0
802 1.0
803 -1.0
804 -1.0
805 -1.0
806 1.0
807 1.0
808 1.0
809 1.0
810 -1.0
811 1.0
812 -1.0
813 -1.0
814 -1.0
815 -1.0
816 -1.0
817 1.0
818 -1.0
819 -1.0
820 1.0
821 1.0
822 1.0
823 -1.0
824 1.0
825 -1.0
826 -1.0
827 -1.0
828 -1.0
829 1.0
830 -1.0
831 1.0
832 -1.0
833 -1.0
834 -1.0
835 -1.0
836 -1.0
837 -1.0
838 1.0
839 -1.0
840 1.0
841 1.0
842 1.0
843 -1.0
844 1.0
845 1.0
846 -1.0
847 -1.0
848 -1.0
849 1.0
850 -1.0
851 1.0
852 -1.0
853 -1.0
854 1.0
855 1.0
856 -1.0
857 -1.0
858 1.0
859 -1.0
860 -1.0
861 -1.0
862 -1.0
863 -1.0
864 -1.0
865 -1.0
866 -1.0
867 -1.0
868 1.0
869 -1.0
870 1.0
871 -1.0
872 -1.0
873 -1.0
874 -1.0
875 -1.0
876 1.0
877 1.0
878 1.0
879 1.0
880 -1.0
881 1.0
882 1.0
883 -1.0
884 1.0
885 -1.0
886 -1.0
887 -1.0
888 1.0
889 1.0
890 -1.0
891 -1.0
892 -1.0
893 -1.0
894 -1.0
895 -1.0
896 1.0
897 -1.0
898 -1.0
899 -1.0
900 -1.0
901 -1.0
902 -1.0
903 -1.0
904 -1.0
905 1.0
906 1.0
907 -1.0
908 -1.0
909 -1.0
910 -1.0
911 -1.0
912 -1.0
913 -1.0
914 1.0
915 1.0
916 -1.0
917 -1.0
918 -1.0
919 -1.0
920 1.0
921 1.0
922 -1.0
923 1.0
924 1.0
925 -1.0
926 -1.0
927 1.0
928 -1.0
929 -1.0
930 -1.0
931 -1.0
932 1.0
933 -1.0
934 -1.0
935 -1.0
936 -1.0
937 -1.0
938 -1.0
939 1.0
940 -1.0
941 1.0
942 1.0
943 1.0
944 -1.0
945 1.0
946 -1.0
947 -1.0
948 -1.0
949 -1.0
950 -1.0
951 -1.0
952 -1.0
953 1.0
954 -1.0
955 -1.0
956 1.0
957 -1.0
958 -1.0
959 -1.0
960 1.0
961 1.0
962 -1.0
963 -1.0
964 -1.0
965 -1.0
966 -1.0
967 -1.0
968 -1.0
969 1.0
970 -1.0
971 1.0
972 1.0
973 -1.0
974 -1.0
975 1.0
976 -1.0
977 -1.0
978 -1.0
979 1.0
980 1.0
981 1.0
982 -1.0
983 -1.0
984 -1.0
985 -1.0
986 1.0
987 -1.0
988 1.0
989 -1.0
990 1.0
991 -1.0
992 -1.0
993 -1.0
994 1.0
995 -1.0
996 -1.0
997 1.0
998 -1.0
999 -1.0
1000 1.0
;

